County,Date,New cases,Total cases
Alamance,2020-03-19,1,1
Alamance,2020-03-21,1,2
Alamance,2020-03-25,1,3
Alamance,2020-03-26,2,5
Alamance,2020-03-28,2,7
Alamance,2020-03-30,1,8
Alamance,2020-03-31,1,9
Alamance,2020-04-01,5,14
Alamance,2020-04-02,4,18
Alamance,2020-04-04,2,20
Alamance,2020-04-05,1,21
Alamance,2020-04-06,8,29
Alamance,2020-04-07,1,30
Alamance,2020-04-08,3,33
Alamance,2020-04-09,3,36
Alamance,2020-04-10,2,38
Alamance,2020-04-11,2,40
Alamance,2020-04-13,2,42
Alamance,2020-04-15,3,45
Alamance,2020-04-16,3,48
Alamance,2020-04-18,2,50
Alamance,2020-04-19,3,53
Alamance,2020-04-20,4,57
Alamance,2020-04-21,3,60
Alamance,2020-04-22,5,65
Alamance,2020-04-23,8,73
Alamance,2020-04-24,5,78
Alamance,2020-04-25,4,82
Alamance,2020-04-26,7,89
Alamance,2020-04-27,3,92
Alamance,2020-04-28,2,94
Alamance,2020-04-29,5,99
Alamance,2020-04-30,7,106
Alamance,2020-05-01,12,118
Alamance,2020-05-02,5,123
Alamance,2020-05-03,1,124
Alamance,2020-05-04,4,128
Alamance,2020-05-05,1,129
Alamance,2020-05-06,18,147
Alamance,2020-05-07,2,149
Alamance,2020-05-08,3,152
Alamance,2020-05-09,21,173
Alamance,2020-05-10,5,178
Alamance,2020-05-11,7,185
Alamance,2020-05-12,6,191
Alamance,2020-05-13,8,199
Alamance,2020-05-14,9,208
Alamance,2020-05-15,18,226
Alamance,2020-05-16,3,229
Alamance,2020-05-17,3,232
Alamance,2020-05-18,10,242
Alamance,2020-05-19,10,252
Alamance,2020-05-20,12,264
Alamance,2020-05-21,7,271
Alamance,2020-05-22,11,282
Alamance,2020-05-23,4,286
Alamance,2020-05-24,9,295
Alamance,2020-05-25,8,303
Alamance,2020-05-26,10,313
Alamance,2020-05-27,4,317
Alamance,2020-05-28,27,344
Alamance,2020-05-29,16,360
Alamance,2020-05-30,17,377
Alamance,2020-05-31,13,390
Alamance,2020-06-01,10,400
Alamance,2020-06-02,7,407
Alamance,2020-06-03,21,428
Alamance,2020-06-04,28,456
Alamance,2020-06-05,18,474
Alamance,2020-06-06,13,487
Alamance,2020-06-07,36,523
Alamance,2020-06-08,28,551
Alamance,2020-06-09,25,576
Alamance,2020-06-10,44,620
Alamance,2020-06-11,50,670
Alamance,2020-06-12,53,723
Alamance,2020-06-13,41,764
Alamance,2020-06-14,40,804
Alamance,2020-06-15,17,821
Alamance,2020-06-16,11,832
Alamance,2020-06-17,25,857
Alamance,2020-06-18,45,902
Alamance,2020-06-19,32,934
Alamance,2020-06-20,21,955
Alamance,2020-06-21,19,974
Alamance,2020-06-22,10,984
Alamance,2020-06-23,22,1006
Alamance,2020-06-24,23,1029
Alamance,2020-06-25,29,1058
Alamance,2020-06-26,18,1076
Alamance,2020-06-27,24,1100
Alamance,2020-06-28,25,1125
Alamance,2020-06-29,12,1137
Alamance,2020-06-30,43,1180
Alamance,2020-07-01,14,1194
Alamance,2020-07-02,40,1234
Alamance,2020-07-03,38,1272
Alamance,2020-07-04,37,1309
Alamance,2020-07-05,18,1327
Alamance,2020-07-06,12,1339
Alamance,2020-07-07,24,1363
Alamance,2020-07-08,35,1398
Alamance,2020-07-09,20,1418
Alamance,2020-07-10,9,1427
Alamance,2020-07-11,45,1472
Alamance,2020-07-12,25,1497
Alamance,2020-07-13,27,1524
Alamance,2020-07-14,54,1578
Alamance,2020-07-15,30,1608
Alamance,2020-07-16,34,1642
Alamance,2020-07-17,44,1686
Alamance,2020-07-18,21,1707
Alamance,2020-07-19,45,1752
Alamance,2020-07-20,18,1770
Alamance,2020-07-21,48,1818
Alamance,2020-07-22,49,1867
Alamance,2020-07-23,49,1916
Alamance,2020-07-24,32,1948
Alamance,2020-07-25,22,1970
Alamance,2020-07-26,28,1998
Alamance,2020-07-27,64,2062
Alamance,2020-07-28,15,2077
Alamance,2020-07-29,58,2135
Alamance,2020-07-30,38,2173
Alamance,2020-07-31,30,2203
Alamance,2020-08-01,28,2231
Alamance,2020-08-02,51,2282
Alamance,2020-08-03,19,2301
Alamance,2020-08-04,23,2324
Alamance,2020-08-05,40,2364
Alamance,2020-08-06,20,2384
Alamance,2020-08-07,46,2430
Alamance,2020-08-08,44,2474
Alamance,2020-08-09,28,2502
Alamance,2020-08-10,19,2521
Alamance,2020-08-11,33,2554
Alamance,2020-08-12,42,2596
Alamance,2020-08-13,25,2621
Alamance,2020-08-14,24,2645
Alamance,2020-08-15,34,2679
Alamance,2020-08-16,20,2699
Alamance,2020-08-17,26,2725
Alamance,2020-08-18,22,2747
Alamance,2020-08-19,46,2793
Alamance,2020-08-20,34,2827
Alamance,2020-08-21,45,2872
Alamance,2020-08-22,40,2912
Alamance,2020-08-23,47,2959
Alamance,2020-08-24,16,2975
Alamance,2020-08-25,26,3001
Alamance,2020-08-26,46,3047
Alamance,2020-08-27,19,3066
Alamance,2020-08-28,25,3091
Alamance,2020-08-29,124,3215
Alamance,2020-08-30,17,3232
Alamance,2020-08-31,20,3252
Alamance,2020-09-01,25,3277
Alamance,2020-09-02,27,3304
Alamance,2020-09-03,43,3347
Alamance,2020-09-04,44,3391
Alamance,2020-09-05,16,3407
Alamance,2020-09-06,19,3426
Alamance,2020-09-07,11,3437
Alamance,2020-09-08,12,3449
Alamance,2020-09-09,22,3471
Alamance,2020-09-10,47,3518
Alamance,2020-09-11,21,3539
Alamance,2020-09-12,37,3576
Alamance,2020-09-13,10,3586
Alamance,2020-09-14,13,3599
Alamance,2020-09-15,26,3625
Alamance,2020-09-16,25,3650
Alamance,2020-09-17,58,3708
Alamance,2020-09-18,37,3745
Alamance,2020-09-19,34,3779
Alamance,2020-09-20,16,3795
Alamance,2020-09-21,27,3822
Alamance,2020-09-22,26,3848
Alamance,2020-09-23,51,3899
Alamance,2020-09-24,25,3924
Alamance,2020-09-25,38,3962
Alamance,2020-09-26,15,3977
Alamance,2020-09-27,15,3992
Alamance,2020-09-28,12,4004
Alamance,2020-09-29,18,4022
Alamance,2020-09-30,57,4079
Alamance,2020-10-01,39,4118
Alamance,2020-10-02,33,4151
Alamance,2020-10-03,18,4169
Alamance,2020-10-04,20,4189
Alamance,2020-10-05,23,4212
Alamance,2020-10-06,21,4233
Alamance,2020-10-07,72,4305
Alamance,2020-10-08,34,4339
Alamance,2020-10-09,62,4401
Alamance,2020-10-10,40,4441
Alamance,2020-10-11,37,4478
Alamance,2020-10-12,26,4504
Alamance,2020-10-13,37,4541
Alamance,2020-10-14,43,4584
Alamance,2020-10-15,125,4709
Alamance,2020-10-16,58,4767
Alamance,2020-10-17,27,4794
Alamance,2020-10-18,35,4829
Alamance,2020-10-19,14,4843
Alamance,2020-10-20,21,4864
Alamance,2020-10-21,55,4919
Alamance,2020-10-22,55,4974
Alamance,2020-10-23,56,5030
Alamance,2020-10-24,52,5082
Alamance,2020-10-25,35,5117
Alamance,2020-10-26,31,5148
Alamance,2020-10-27,48,5196
Alamance,2020-10-28,66,5262
Alamance,2020-10-29,50,5312
Alamance,2020-10-30,43,5355
Alamance,2020-10-31,36,5391
Alamance,2020-11-01,27,5418
Alamance,2020-11-02,27,5445
Alamance,2020-11-03,32,5477
Alamance,2020-11-04,49,5526
Alamance,2020-11-05,61,5587
Alamance,2020-11-06,50,5637
Alamance,2020-11-07,26,5663
Alamance,2020-11-08,45,5708
Alamance,2020-11-09,41,5749
Alamance,2020-11-10,63,5812
Alamance,2020-11-11,92,5904
Alamance,2020-11-12,52,5956
Alamance,2020-11-13,64,6020
Alamance,2020-11-14,55,6075
Alamance,2020-11-15,61,6136
Alamance,2020-11-16,75,6211
Alamance,2020-11-17,56,6267
Alamance,2020-11-18,106,6373
Alamance,2020-11-19,93,6466
Alamance,2020-11-20,96,6562
Alamance,2020-11-21,50,6612
Alamance,2020-11-22,60,6672
Alamance,2020-11-23,76,6748
Alamance,2020-11-24,82,6830
Alamance,2020-11-25,101,6931
Alamance,2020-11-26,84,7015
Alamance,2020-11-27,66,7081
Alamance,2020-11-28,58,7139
Alamance,2020-11-29,45,7184
Alamance,2020-11-30,59,7243
Alamance,2020-12-01,60,7303
Alamance,2020-12-02,131,7434
Alamance,2020-12-03,138,7572
Alamance,2020-12-04,92,7664
Alamance,2020-12-05,159,7823
Alamance,2020-12-06,66,7889
Alamance,2020-12-07,92,7981
Alamance,2020-12-08,110,8091
Alamance,2020-12-09,103,8194
Alamance,2020-12-10,99,8293
Alamance,2020-12-11,89,8382
Alamance,2020-12-12,145,8527
Alamance,2020-12-13,82,8609
Alamance,2020-12-14,76,8685
Alamance,2020-12-15,70,8755
Alexander,2020-03-24,1,1
Alexander,2020-03-31,1,2
Alexander,2020-04-12,1,3
Alexander,2020-04-20,1,4
Alexander,2020-05-04,1,5
Alexander,2020-05-05,1,6
Alexander,2020-05-06,2,8
Alexander,2020-05-08,2,10
Alexander,2020-05-09,2,12
Alexander,2020-05-11,1,13
Alexander,2020-05-12,1,14
Alexander,2020-05-13,1,15
Alexander,2020-05-14,4,19
Alexander,2020-05-15,1,20
Alexander,2020-05-18,3,23
Alexander,2020-05-22,3,26
Alexander,2020-05-23,1,27
Alexander,2020-05-25,1,28
Alexander,2020-05-26,1,29
Alexander,2020-05-28,4,33
Alexander,2020-05-31,2,35
Alexander,2020-06-01,3,38
Alexander,2020-06-05,1,39
Alexander,2020-06-06,4,43
Alexander,2020-06-11,2,45
Alexander,2020-06-12,2,47
Alexander,2020-06-13,1,48
Alexander,2020-06-14,1,49
Alexander,2020-06-15,2,51
Alexander,2020-06-16,1,52
Alexander,2020-06-17,5,57
Alexander,2020-06-18,2,59
Alexander,2020-06-19,2,61
Alexander,2020-06-20,6,67
Alexander,2020-06-21,1,68
Alexander,2020-06-22,1,69
Alexander,2020-06-23,4,73
Alexander,2020-06-24,6,79
Alexander,2020-06-25,2,81
Alexander,2020-06-26,9,90
Alexander,2020-06-28,4,94
Alexander,2020-06-29,1,95
Alexander,2020-06-30,3,98
Alexander,2020-07-01,6,104
Alexander,2020-07-02,3,107
Alexander,2020-07-03,6,113
Alexander,2020-07-04,6,119
Alexander,2020-07-05,6,125
Alexander,2020-07-06,11,136
Alexander,2020-07-07,4,140
Alexander,2020-07-08,1,141
Alexander,2020-07-09,10,151
Alexander,2020-07-10,9,160
Alexander,2020-07-11,9,169
Alexander,2020-07-12,7,176
Alexander,2020-07-13,10,186
Alexander,2020-07-14,3,189
Alexander,2020-07-15,7,196
Alexander,2020-07-16,6,202
Alexander,2020-07-17,12,214
Alexander,2020-07-18,3,217
Alexander,2020-07-19,4,221
Alexander,2020-07-20,6,227
Alexander,2020-07-21,6,233
Alexander,2020-07-22,6,239
Alexander,2020-07-23,3,242
Alexander,2020-07-24,8,250
Alexander,2020-07-25,2,252
Alexander,2020-07-26,3,255
Alexander,2020-07-27,3,258
Alexander,2020-07-28,1,259
Alexander,2020-07-29,4,263
Alexander,2020-07-30,4,267
Alexander,2020-07-31,1,268
Alexander,2020-08-01,5,273
Alexander,2020-08-02,2,275
Alexander,2020-08-03,6,281
Alexander,2020-08-04,4,285
Alexander,2020-08-05,4,289
Alexander,2020-08-06,4,293
Alexander,2020-08-07,11,304
Alexander,2020-08-08,4,308
Alexander,2020-08-09,5,313
Alexander,2020-08-10,10,323
Alexander,2020-08-11,2,325
Alexander,2020-08-12,7,332
Alexander,2020-08-13,6,338
Alexander,2020-08-14,7,345
Alexander,2020-08-15,4,349
Alexander,2020-08-16,5,354
Alexander,2020-08-17,11,365
Alexander,2020-08-18,3,368
Alexander,2020-08-19,2,370
Alexander,2020-08-20,2,372
Alexander,2020-08-21,3,375
Alexander,2020-08-22,3,378
Alexander,2020-08-23,1,379
Alexander,2020-08-24,5,384
Alexander,2020-08-25,2,386
Alexander,2020-08-26,5,391
Alexander,2020-08-27,3,394
Alexander,2020-08-28,4,398
Alexander,2020-08-29,1,399
Alexander,2020-08-30,4,403
Alexander,2020-08-31,8,411
Alexander,2020-09-01,7,418
Alexander,2020-09-02,4,422
Alexander,2020-09-03,4,426
Alexander,2020-09-04,2,428
Alexander,2020-09-05,7,435
Alexander,2020-09-06,5,440
Alexander,2020-09-07,3,443
Alexander,2020-09-08,10,453
Alexander,2020-09-09,6,459
Alexander,2020-09-10,6,465
Alexander,2020-09-11,3,468
Alexander,2020-09-12,1,469
Alexander,2020-09-14,4,473
Alexander,2020-09-15,2,475
Alexander,2020-09-16,2,477
Alexander,2020-09-17,4,481
Alexander,2020-09-18,4,485
Alexander,2020-09-19,3,488
Alexander,2020-09-20,3,491
Alexander,2020-09-21,6,497
Alexander,2020-09-22,5,502
Alexander,2020-09-23,7,509
Alexander,2020-09-24,12,521
Alexander,2020-09-25,3,524
Alexander,2020-09-26,2,526
Alexander,2020-09-27,2,528
Alexander,2020-09-28,5,533
Alexander,2020-09-29,4,537
Alexander,2020-09-30,6,543
Alexander,2020-10-01,4,547
Alexander,2020-10-02,7,554
Alexander,2020-10-03,2,556
Alexander,2020-10-04,2,558
Alexander,2020-10-05,6,564
Alexander,2020-10-06,6,570
Alexander,2020-10-07,5,575
Alexander,2020-10-08,6,581
Alexander,2020-10-09,7,588
Alexander,2020-10-10,5,593
Alexander,2020-10-11,4,597
Alexander,2020-10-12,8,605
Alexander,2020-10-13,20,625
Alexander,2020-10-14,18,643
Alexander,2020-10-15,22,665
Alexander,2020-10-16,16,681
Alexander,2020-10-17,18,699
Alexander,2020-10-18,10,709
Alexander,2020-10-19,17,726
Alexander,2020-10-20,19,745
Alexander,2020-10-21,22,767
Alexander,2020-10-22,21,788
Alexander,2020-10-23,16,804
Alexander,2020-10-24,7,811
Alexander,2020-10-25,8,819
Alexander,2020-10-26,14,833
Alexander,2020-10-27,17,850
Alexander,2020-10-28,15,865
Alexander,2020-10-29,62,927
Alexander,2020-10-30,13,940
Alexander,2020-10-31,5,945
Alexander,2020-11-01,9,954
Alexander,2020-11-02,29,983
Alexander,2020-11-03,13,996
Alexander,2020-11-04,28,1024
Alexander,2020-11-05,30,1054
Alexander,2020-11-06,45,1099
Alexander,2020-11-07,22,1121
Alexander,2020-11-08,21,1142
Alexander,2020-11-09,19,1161
Alexander,2020-11-10,13,1174
Alexander,2020-11-11,12,1186
Alexander,2020-11-12,24,1210
Alexander,2020-11-13,29,1239
Alexander,2020-11-14,41,1280
Alexander,2020-11-15,10,1290
Alexander,2020-11-16,19,1309
Alexander,2020-11-17,20,1329
Alexander,2020-11-18,19,1348
Alexander,2020-11-19,38,1386
Alexander,2020-11-20,13,1399
Alexander,2020-11-21,10,1409
Alexander,2020-11-22,17,1426
Alexander,2020-11-23,21,1447
Alexander,2020-11-24,29,1476
Alexander,2020-11-25,17,1493
Alexander,2020-11-26,30,1523
Alexander,2020-11-27,26,1549
Alexander,2020-11-28,15,1564
Alexander,2020-11-29,6,1570
Alexander,2020-11-30,17,1587
Alexander,2020-12-01,25,1612
Alexander,2020-12-02,18,1630
Alexander,2020-12-03,30,1660
Alexander,2020-12-04,32,1692
Alexander,2020-12-05,44,1736
Alexander,2020-12-06,33,1769
Alexander,2020-12-07,28,1797
Alexander,2020-12-08,14,1811
Alexander,2020-12-09,22,1833
Alexander,2020-12-10,28,1861
Alexander,2020-12-11,20,1881
Alexander,2020-12-12,32,1913
Alexander,2020-12-13,17,1930
Alexander,2020-12-14,25,1955
Alexander,2020-12-15,21,1976
Alleghany,2020-03-28,1,1
Alleghany,2020-03-30,1,2
Alleghany,2020-04-29,1,3
Alleghany,2020-04-30,1,4
Alleghany,2020-05-01,2,6
Alleghany,2020-05-05,1,7
Alleghany,2020-05-09,1,8
Alleghany,2020-05-12,1,9
Alleghany,2020-05-13,1,10
Alleghany,2020-05-14,1,11
Alleghany,2020-05-15,1,12
Alleghany,2020-05-19,1,13
Alleghany,2020-05-23,1,14
Alleghany,2020-05-29,3,17
Alleghany,2020-05-30,1,18
Alleghany,2020-05-31,1,19
Alleghany,2020-06-01,2,21
Alleghany,2020-06-03,4,25
Alleghany,2020-06-04,2,27
Alleghany,2020-06-05,1,28
Alleghany,2020-06-07,1,29
Alleghany,2020-06-08,1,30
Alleghany,2020-06-23,1,31
Alleghany,2020-06-30,1,32
Alleghany,2020-07-01,3,35
Alleghany,2020-07-04,1,36
Alleghany,2020-07-08,2,38
Alleghany,2020-07-09,2,40
Alleghany,2020-07-12,1,41
Alleghany,2020-07-13,1,42
Alleghany,2020-07-14,2,44
Alleghany,2020-07-15,1,45
Alleghany,2020-07-16,1,46
Alleghany,2020-07-17,1,47
Alleghany,2020-07-18,2,49
Alleghany,2020-07-19,1,50
Alleghany,2020-07-20,2,52
Alleghany,2020-07-22,2,54
Alleghany,2020-07-23,1,55
Alleghany,2020-07-24,5,60
Alleghany,2020-07-25,1,61
Alleghany,2020-07-27,3,64
Alleghany,2020-07-29,3,67
Alleghany,2020-07-30,1,68
Alleghany,2020-08-01,31,99
Alleghany,2020-08-02,59,158
Alleghany,2020-08-03,8,166
Alleghany,2020-08-05,1,167
Alleghany,2020-08-06,1,168
Alleghany,2020-08-08,2,170
Alleghany,2020-08-09,3,173
Alleghany,2020-08-11,1,174
Alleghany,2020-08-12,3,177
Alleghany,2020-08-13,1,178
Alleghany,2020-08-14,4,182
Alleghany,2020-08-15,1,183
Alleghany,2020-08-16,2,185
Alleghany,2020-08-18,1,186
Alleghany,2020-08-20,3,189
Alleghany,2020-08-21,3,192
Alleghany,2020-08-22,1,193
Alleghany,2020-08-23,4,197
Alleghany,2020-08-25,1,198
Alleghany,2020-08-26,5,203
Alleghany,2020-08-27,3,206
Alleghany,2020-09-02,2,208
Alleghany,2020-09-03,1,209
Alleghany,2020-09-06,2,211
Alleghany,2020-09-09,1,212
Alleghany,2020-09-10,4,216
Alleghany,2020-09-11,1,217
Alleghany,2020-09-16,1,218
Alleghany,2020-09-17,1,219
Alleghany,2020-09-19,1,220
Alleghany,2020-09-21,0,220
Alleghany,2020-09-22,1,221
Alleghany,2020-09-23,4,225
Alleghany,2020-09-24,3,228
Alleghany,2020-09-25,1,229
Alleghany,2020-09-26,2,231
Alleghany,2020-09-27,1,232
Alleghany,2020-09-28,1,233
Alleghany,2020-09-29,2,235
Alleghany,2020-10-01,1,236
Alleghany,2020-10-02,1,237
Alleghany,2020-10-03,3,240
Alleghany,2020-10-04,3,243
Alleghany,2020-10-08,1,244
Alleghany,2020-10-09,3,247
Alleghany,2020-10-10,2,249
Alleghany,2020-10-11,1,250
Alleghany,2020-10-12,0,250
Alleghany,2020-10-13,1,251
Alleghany,2020-10-14,3,254
Alleghany,2020-10-15,3,257
Alleghany,2020-10-16,1,258
Alleghany,2020-10-17,1,259
Alleghany,2020-10-19,2,261
Alleghany,2020-10-20,4,265
Alleghany,2020-10-21,2,267
Alleghany,2020-10-22,2,269
Alleghany,2020-10-23,4,273
Alleghany,2020-10-25,5,278
Alleghany,2020-10-26,2,280
Alleghany,2020-10-27,3,283
Alleghany,2020-10-28,6,289
Alleghany,2020-10-29,4,293
Alleghany,2020-10-30,4,297
Alleghany,2020-10-31,6,303
Alleghany,2020-11-01,3,306
Alleghany,2020-11-02,4,310
Alleghany,2020-11-03,1,311
Alleghany,2020-11-04,13,324
Alleghany,2020-11-05,5,329
Alleghany,2020-11-06,4,333
Alleghany,2020-11-07,2,335
Alleghany,2020-11-08,1,336
Alleghany,2020-11-09,1,337
Alleghany,2020-11-10,0,337
Alleghany,2020-11-11,3,340
Alleghany,2020-11-12,3,343
Alleghany,2020-11-13,1,344
Alleghany,2020-11-14,1,345
Alleghany,2020-11-15,1,346
Alleghany,2020-11-16,3,349
Alleghany,2020-11-17,3,352
Alleghany,2020-11-18,5,357
Alleghany,2020-11-19,3,360
Alleghany,2020-11-20,1,361
Alleghany,2020-11-21,1,362
Alleghany,2020-11-22,1,363
Alleghany,2020-11-23,1,364
Alleghany,2020-11-25,1,365
Alleghany,2020-11-26,4,369
Alleghany,2020-11-27,1,370
Alleghany,2020-11-28,6,376
Alleghany,2020-11-29,1,377
Alleghany,2020-12-01,2,379
Alleghany,2020-12-02,2,381
Alleghany,2020-12-03,5,386
Alleghany,2020-12-04,5,391
Alleghany,2020-12-05,4,395
Alleghany,2020-12-06,7,402
Alleghany,2020-12-07,2,404
Alleghany,2020-12-08,1,405
Alleghany,2020-12-09,3,408
Alleghany,2020-12-10,8,416
Alleghany,2020-12-11,6,422
Alleghany,2020-12-12,9,431
Alleghany,2020-12-13,1,432
Alleghany,2020-12-14,0,432
Alleghany,2020-12-15,2,434
Anson,2020-03-31,1,1
Anson,2020-04-02,2,3
Anson,2020-04-04,2,5
Anson,2020-04-05,1,6
Anson,2020-04-07,1,7
Anson,2020-04-08,1,8
Anson,2020-04-09,1,9
Anson,2020-04-11,1,10
Anson,2020-04-14,3,13
Anson,2020-04-15,2,15
Anson,2020-04-18,2,17
Anson,2020-04-19,2,19
Anson,2020-04-22,1,20
Anson,2020-04-25,1,21
Anson,2020-04-26,1,22
Anson,2020-04-28,4,26
Anson,2020-04-29,1,27
Anson,2020-04-30,3,30
Anson,2020-05-03,1,31
Anson,2020-05-06,3,34
Anson,2020-05-07,3,37
Anson,2020-05-08,2,39
Anson,2020-05-11,2,41
Anson,2020-05-14,4,45
Anson,2020-05-15,3,48
Anson,2020-05-17,2,50
Anson,2020-05-18,1,51
Anson,2020-05-20,1,52
Anson,2020-05-21,4,56
Anson,2020-05-22,3,59
Anson,2020-05-24,2,61
Anson,2020-05-25,1,62
Anson,2020-05-26,1,63
Anson,2020-05-27,2,65
Anson,2020-05-29,2,67
Anson,2020-05-30,1,68
Anson,2020-06-01,1,69
Anson,2020-06-02,1,70
Anson,2020-06-04,1,71
Anson,2020-06-05,1,72
Anson,2020-06-06,2,74
Anson,2020-06-07,3,77
Anson,2020-06-08,2,79
Anson,2020-06-10,2,81
Anson,2020-06-11,4,85
Anson,2020-06-12,1,86
Anson,2020-06-13,1,87
Anson,2020-06-14,2,89
Anson,2020-06-16,1,90
Anson,2020-06-17,3,93
Anson,2020-06-18,2,95
Anson,2020-06-19,1,96
Anson,2020-06-20,4,100
Anson,2020-06-21,6,106
Anson,2020-06-22,2,108
Anson,2020-06-23,2,110
Anson,2020-06-24,5,115
Anson,2020-06-25,4,119
Anson,2020-06-26,2,121
Anson,2020-06-27,4,125
Anson,2020-06-28,2,127
Anson,2020-06-29,1,128
Anson,2020-06-30,4,132
Anson,2020-07-01,5,137
Anson,2020-07-02,6,143
Anson,2020-07-03,5,148
Anson,2020-07-04,5,153
Anson,2020-07-05,6,159
Anson,2020-07-06,3,162
Anson,2020-07-07,9,171
Anson,2020-07-08,7,178
Anson,2020-07-09,5,183
Anson,2020-07-10,8,191
Anson,2020-07-11,5,196
Anson,2020-07-12,9,205
Anson,2020-07-13,5,210
Anson,2020-07-14,5,215
Anson,2020-07-15,9,224
Anson,2020-07-16,9,233
Anson,2020-07-17,11,244
Anson,2020-07-18,6,250
Anson,2020-07-19,7,257
Anson,2020-07-20,2,259
Anson,2020-07-21,1,260
Anson,2020-07-22,5,265
Anson,2020-07-23,3,268
Anson,2020-07-24,6,274
Anson,2020-07-25,3,277
Anson,2020-07-26,4,281
Anson,2020-07-27,7,288
Anson,2020-07-28,5,293
Anson,2020-07-29,4,297
Anson,2020-07-30,2,299
Anson,2020-07-31,2,301
Anson,2020-08-01,2,303
Anson,2020-08-02,1,304
Anson,2020-08-03,4,308
Anson,2020-08-04,1,309
Anson,2020-08-05,6,315
Anson,2020-08-06,5,320
Anson,2020-08-07,5,325
Anson,2020-08-08,8,333
Anson,2020-08-09,1,334
Anson,2020-08-10,3,337
Anson,2020-08-11,5,342
Anson,2020-08-12,10,352
Anson,2020-08-13,11,363
Anson,2020-08-14,6,369
Anson,2020-08-15,6,375
Anson,2020-08-16,5,380
Anson,2020-08-17,4,384
Anson,2020-08-18,4,388
Anson,2020-08-19,4,392
Anson,2020-08-20,1,393
Anson,2020-08-21,8,401
Anson,2020-08-22,2,403
Anson,2020-08-23,3,406
Anson,2020-08-24,7,413
Anson,2020-08-25,5,418
Anson,2020-08-26,8,426
Anson,2020-08-27,4,430
Anson,2020-08-28,6,436
Anson,2020-08-29,3,439
Anson,2020-08-30,4,443
Anson,2020-08-31,2,445
Anson,2020-09-01,6,451
Anson,2020-09-02,5,456
Anson,2020-09-03,3,459
Anson,2020-09-04,10,469
Anson,2020-09-05,11,480
Anson,2020-09-06,1,481
Anson,2020-09-07,1,482
Anson,2020-09-08,4,486
Anson,2020-09-09,5,491
Anson,2020-09-10,4,495
Anson,2020-09-11,6,501
Anson,2020-09-12,6,507
Anson,2020-09-13,4,511
Anson,2020-09-14,9,520
Anson,2020-09-15,6,526
Anson,2020-09-16,10,536
Anson,2020-09-17,9,545
Anson,2020-09-18,4,549
Anson,2020-09-19,3,552
Anson,2020-09-20,1,553
Anson,2020-09-21,2,555
Anson,2020-09-22,12,567
Anson,2020-09-23,4,571
Anson,2020-09-24,4,575
Anson,2020-09-25,16,591
Anson,2020-09-26,9,600
Anson,2020-09-27,2,602
Anson,2020-09-28,3,605
Anson,2020-09-29,3,608
Anson,2020-09-30,5,613
Anson,2020-10-01,4,617
Anson,2020-10-02,7,624
Anson,2020-10-03,5,629
Anson,2020-10-04,1,630
Anson,2020-10-05,2,632
Anson,2020-10-06,2,634
Anson,2020-10-07,4,638
Anson,2020-10-08,4,642
Anson,2020-10-09,7,649
Anson,2020-10-10,1,650
Anson,2020-10-11,2,652
Anson,2020-10-12,2,654
Anson,2020-10-13,2,656
Anson,2020-10-14,2,658
Anson,2020-10-15,6,664
Anson,2020-10-16,2,666
Anson,2020-10-17,3,669
Anson,2020-10-18,2,671
Anson,2020-10-19,4,675
Anson,2020-10-20,5,680
Anson,2020-10-21,3,683
Anson,2020-10-22,4,687
Anson,2020-10-23,2,689
Anson,2020-10-24,4,693
Anson,2020-10-25,1,694
Anson,2020-10-26,6,700
Anson,2020-10-27,1,701
Anson,2020-10-28,2,703
Anson,2020-10-29,2,705
Anson,2020-10-30,2,707
Anson,2020-10-31,3,710
Anson,2020-11-01,4,714
Anson,2020-11-02,1,715
Anson,2020-11-03,8,723
Anson,2020-11-04,4,727
Anson,2020-11-05,2,729
Anson,2020-11-06,10,739
Anson,2020-11-07,4,743
Anson,2020-11-08,3,746
Anson,2020-11-09,3,749
Anson,2020-11-10,8,757
Anson,2020-11-11,9,766
Anson,2020-11-12,9,775
Anson,2020-11-13,1,776
Anson,2020-11-14,6,782
Anson,2020-11-15,8,790
Anson,2020-11-16,7,797
Anson,2020-11-17,11,808
Anson,2020-11-18,8,816
Anson,2020-11-19,4,820
Anson,2020-11-20,8,828
Anson,2020-11-21,7,835
Anson,2020-11-22,5,840
Anson,2020-11-23,7,847
Anson,2020-11-24,10,857
Anson,2020-11-25,12,869
Anson,2020-11-26,9,878
Anson,2020-11-27,5,883
Anson,2020-11-28,4,887
Anson,2020-11-29,10,897
Anson,2020-11-30,7,904
Anson,2020-12-01,16,920
Anson,2020-12-02,7,927
Anson,2020-12-03,12,939
Anson,2020-12-04,20,959
Anson,2020-12-05,11,970
Anson,2020-12-06,7,977
Anson,2020-12-07,14,991
Anson,2020-12-08,9,1000
Anson,2020-12-09,13,1013
Anson,2020-12-10,19,1032
Anson,2020-12-11,11,1043
Anson,2020-12-12,18,1061
Anson,2020-12-13,45,1106
Anson,2020-12-14,26,1132
Anson,2020-12-15,7,1139
Ashe,2020-04-03,1,1
Ashe,2020-04-07,1,2
Ashe,2020-04-08,1,3
Ashe,2020-04-11,1,4
Ashe,2020-04-29,1,5
Ashe,2020-05-06,2,7
Ashe,2020-05-07,1,8
Ashe,2020-05-09,2,10
Ashe,2020-05-11,5,15
Ashe,2020-05-12,1,16
Ashe,2020-05-13,1,17
Ashe,2020-05-14,2,19
Ashe,2020-05-15,8,27
Ashe,2020-05-17,1,28
Ashe,2020-05-20,3,31
Ashe,2020-05-22,2,33
Ashe,2020-05-23,1,34
Ashe,2020-05-28,2,36
Ashe,2020-06-03,4,40
Ashe,2020-06-08,1,41
Ashe,2020-06-09,1,42
Ashe,2020-06-11,1,43
Ashe,2020-06-17,1,44
Ashe,2020-06-18,1,45
Ashe,2020-06-19,2,47
Ashe,2020-06-22,1,48
Ashe,2020-06-24,1,49
Ashe,2020-06-25,1,50
Ashe,2020-06-26,1,51
Ashe,2020-06-27,1,52
Ashe,2020-06-29,1,53
Ashe,2020-07-04,5,58
Ashe,2020-07-05,1,59
Ashe,2020-07-07,1,60
Ashe,2020-07-09,2,62
Ashe,2020-07-10,1,63
Ashe,2020-07-11,1,64
Ashe,2020-07-12,1,65
Ashe,2020-07-14,1,66
Ashe,2020-07-15,1,67
Ashe,2020-07-17,4,71
Ashe,2020-07-18,1,72
Ashe,2020-07-19,1,73
Ashe,2020-07-20,2,75
Ashe,2020-07-22,5,80
Ashe,2020-07-23,2,82
Ashe,2020-07-24,1,83
Ashe,2020-07-25,7,90
Ashe,2020-07-26,1,91
Ashe,2020-07-27,5,96
Ashe,2020-07-28,3,99
Ashe,2020-07-29,8,107
Ashe,2020-07-30,2,109
Ashe,2020-07-31,9,118
Ashe,2020-08-01,1,119
Ashe,2020-08-02,1,120
Ashe,2020-08-03,7,127
Ashe,2020-08-04,12,139
Ashe,2020-08-05,5,144
Ashe,2020-08-06,10,154
Ashe,2020-08-07,2,156
Ashe,2020-08-08,2,158
Ashe,2020-08-10,7,165
Ashe,2020-08-11,1,166
Ashe,2020-08-12,1,167
Ashe,2020-08-13,1,168
Ashe,2020-08-14,1,169
Ashe,2020-08-15,5,174
Ashe,2020-08-16,1,175
Ashe,2020-08-17,1,176
Ashe,2020-08-18,2,178
Ashe,2020-08-19,2,180
Ashe,2020-08-20,1,181
Ashe,2020-08-21,2,183
Ashe,2020-08-22,2,185
Ashe,2020-08-24,2,187
Ashe,2020-08-25,1,188
Ashe,2020-08-26,3,191
Ashe,2020-08-27,4,195
Ashe,2020-08-28,4,199
Ashe,2020-08-29,5,204
Ashe,2020-08-30,2,206
Ashe,2020-08-31,3,209
Ashe,2020-09-02,4,213
Ashe,2020-09-03,9,222
Ashe,2020-09-04,2,224
Ashe,2020-09-05,5,229
Ashe,2020-09-06,2,231
Ashe,2020-09-07,1,232
Ashe,2020-09-08,1,233
Ashe,2020-09-09,1,234
Ashe,2020-09-10,6,240
Ashe,2020-09-11,1,241
Ashe,2020-09-12,1,242
Ashe,2020-09-13,1,243
Ashe,2020-09-14,2,245
Ashe,2020-09-15,1,246
Ashe,2020-09-17,1,247
Ashe,2020-09-18,1,248
Ashe,2020-09-19,1,249
Ashe,2020-09-20,5,254
Ashe,2020-09-21,0,254
Ashe,2020-09-22,1,255
Ashe,2020-09-23,4,259
Ashe,2020-09-24,8,267
Ashe,2020-09-25,1,268
Ashe,2020-09-26,0,268
Ashe,2020-09-27,0,268
Ashe,2020-09-28,2,270
Ashe,2020-09-29,6,276
Ashe,2020-09-30,6,282
Ashe,2020-10-01,5,287
Ashe,2020-10-02,3,290
Ashe,2020-10-03,1,291
Ashe,2020-10-04,5,296
Ashe,2020-10-05,1,297
Ashe,2020-10-06,7,304
Ashe,2020-10-07,8,312
Ashe,2020-10-08,10,322
Ashe,2020-10-09,5,327
Ashe,2020-10-10,3,330
Ashe,2020-10-11,4,334
Ashe,2020-10-12,6,340
Ashe,2020-10-13,9,349
Ashe,2020-10-14,4,353
Ashe,2020-10-15,6,359
Ashe,2020-10-16,6,365
Ashe,2020-10-17,2,367
Ashe,2020-10-18,2,369
Ashe,2020-10-19,5,374
Ashe,2020-10-20,2,376
Ashe,2020-10-21,11,387
Ashe,2020-10-22,3,390
Ashe,2020-10-23,5,395
Ashe,2020-10-24,4,399
Ashe,2020-10-25,7,406
Ashe,2020-10-26,5,411
Ashe,2020-10-27,5,416
Ashe,2020-10-28,12,428
Ashe,2020-10-29,9,437
Ashe,2020-10-30,9,446
Ashe,2020-10-31,17,463
Ashe,2020-11-01,13,476
Ashe,2020-11-02,12,488
Ashe,2020-11-03,6,494
Ashe,2020-11-04,10,504
Ashe,2020-11-05,10,514
Ashe,2020-11-06,7,521
Ashe,2020-11-07,9,530
Ashe,2020-11-08,7,537
Ashe,2020-11-09,8,545
Ashe,2020-11-10,12,557
Ashe,2020-11-11,16,573
Ashe,2020-11-12,19,592
Ashe,2020-11-13,6,598
Ashe,2020-11-14,7,605
Ashe,2020-11-15,7,612
Ashe,2020-11-16,19,631
Ashe,2020-11-17,2,633
Ashe,2020-11-18,29,662
Ashe,2020-11-19,9,671
Ashe,2020-11-20,9,680
Ashe,2020-11-21,9,689
Ashe,2020-11-22,16,705
Ashe,2020-11-23,5,710
Ashe,2020-11-24,5,715
Ashe,2020-11-25,9,724
Ashe,2020-11-26,15,739
Ashe,2020-11-27,5,744
Ashe,2020-11-28,6,750
Ashe,2020-11-29,2,752
Ashe,2020-11-30,1,753
Ashe,2020-12-01,1,754
Ashe,2020-12-02,7,761
Ashe,2020-12-03,13,774
Ashe,2020-12-04,6,780
Ashe,2020-12-05,12,792
Ashe,2020-12-06,8,800
Ashe,2020-12-07,5,805
Ashe,2020-12-08,13,818
Ashe,2020-12-09,15,833
Ashe,2020-12-10,19,852
Ashe,2020-12-11,20,872
Ashe,2020-12-12,10,882
Ashe,2020-12-13,6,888
Ashe,2020-12-14,7,895
Ashe,2020-12-15,4,899
Avery,2020-05-19,1,1
Avery,2020-05-21,1,2
Avery,2020-06-03,1,3
Avery,2020-06-04,1,4
Avery,2020-06-05,1,5
Avery,2020-06-07,1,6
Avery,2020-06-08,1,7
Avery,2020-06-18,2,9
Avery,2020-06-19,1,10
Avery,2020-06-26,1,11
Avery,2020-06-29,3,14
Avery,2020-06-30,1,15
Avery,2020-07-02,2,17
Avery,2020-07-03,1,18
Avery,2020-07-04,1,19
Avery,2020-07-05,3,22
Avery,2020-07-07,1,23
Avery,2020-07-08,3,26
Avery,2020-07-09,5,31
Avery,2020-07-12,4,35
Avery,2020-07-13,5,40
Avery,2020-07-14,1,41
Avery,2020-07-15,2,43
Avery,2020-07-16,2,45
Avery,2020-07-17,2,47
Avery,2020-07-19,5,52
Avery,2020-07-20,5,57
Avery,2020-07-22,1,58
Avery,2020-07-23,1,59
Avery,2020-07-24,3,62
Avery,2020-07-25,1,63
Avery,2020-07-26,2,65
Avery,2020-07-27,3,68
Avery,2020-07-28,2,70
Avery,2020-07-29,2,72
Avery,2020-07-30,6,78
Avery,2020-07-31,3,81
Avery,2020-08-02,5,86
Avery,2020-08-03,1,87
Avery,2020-08-04,1,88
Avery,2020-08-05,2,90
Avery,2020-08-06,2,92
Avery,2020-08-07,3,95
Avery,2020-08-08,4,99
Avery,2020-08-09,2,101
Avery,2020-08-11,3,104
Avery,2020-08-12,1,105
Avery,2020-08-13,5,110
Avery,2020-08-14,4,114
Avery,2020-08-15,1,115
Avery,2020-08-16,3,118
Avery,2020-08-19,1,119
Avery,2020-08-20,2,121
Avery,2020-08-21,3,124
Avery,2020-08-22,1,125
Avery,2020-08-23,1,126
Avery,2020-08-25,1,127
Avery,2020-08-26,7,134
Avery,2020-08-27,3,137
Avery,2020-08-28,6,143
Avery,2020-08-29,3,146
Avery,2020-09-01,5,151
Avery,2020-09-02,2,153
Avery,2020-09-03,41,194
Avery,2020-09-04,32,226
Avery,2020-09-05,1,227
Avery,2020-09-06,1,228
Avery,2020-09-09,1,229
Avery,2020-09-10,1,230
Avery,2020-09-11,33,263
Avery,2020-09-12,42,305
Avery,2020-09-13,6,311
Avery,2020-09-15,2,313
Avery,2020-09-16,6,319
Avery,2020-09-17,4,323
Avery,2020-09-18,2,325
Avery,2020-09-19,3,328
Avery,2020-09-20,1,329
Avery,2020-09-21,1,330
Avery,2020-09-22,1,331
Avery,2020-09-23,5,336
Avery,2020-09-24,6,342
Avery,2020-09-25,4,346
Avery,2020-09-26,4,350
Avery,2020-09-27,1,351
Avery,2020-09-28,1,352
Avery,2020-09-29,1,353
Avery,2020-09-30,5,358
Avery,2020-10-01,5,363
Avery,2020-10-02,2,365
Avery,2020-10-03,22,387
Avery,2020-10-04,32,419
Avery,2020-10-05,2,421
Avery,2020-10-06,3,424
Avery,2020-10-07,11,435
Avery,2020-10-08,2,437
Avery,2020-10-09,7,444
Avery,2020-10-10,11,455
Avery,2020-10-11,2,457
Avery,2020-10-12,0,457
Avery,2020-10-13,7,464
Avery,2020-10-14,4,468
Avery,2020-10-15,35,503
Avery,2020-10-16,17,520
Avery,2020-10-17,45,565
Avery,2020-10-18,3,568
Avery,2020-10-19,3,571
Avery,2020-10-21,6,577
Avery,2020-10-22,4,581
Avery,2020-10-23,10,591
Avery,2020-10-24,1,592
Avery,2020-10-25,5,597
Avery,2020-10-26,4,601
Avery,2020-10-27,2,603
Avery,2020-10-28,6,609
Avery,2020-10-29,14,623
Avery,2020-10-30,2,625
Avery,2020-10-31,7,632
Avery,2020-11-01,10,642
Avery,2020-11-02,8,650
Avery,2020-11-03,2,652
Avery,2020-11-04,7,659
Avery,2020-11-05,4,663
Avery,2020-11-06,2,665
Avery,2020-11-07,5,670
Avery,2020-11-08,2,672
Avery,2020-11-09,7,679
Avery,2020-11-10,9,688
Avery,2020-11-11,2,690
Avery,2020-11-12,5,695
Avery,2020-11-13,10,705
Avery,2020-11-14,6,711
Avery,2020-11-15,6,717
Avery,2020-11-16,14,731
Avery,2020-11-17,6,737
Avery,2020-11-18,7,744
Avery,2020-11-19,9,753
Avery,2020-11-20,14,767
Avery,2020-11-21,3,770
Avery,2020-11-22,7,777
Avery,2020-11-23,2,779
Avery,2020-11-24,9,788
Avery,2020-11-25,10,798
Avery,2020-11-26,14,812
Avery,2020-11-27,10,822
Avery,2020-11-28,32,854
Avery,2020-11-29,3,857
Avery,2020-11-30,7,864
Avery,2020-12-01,10,874
Avery,2020-12-02,15,889
Avery,2020-12-03,23,912
Avery,2020-12-04,12,924
Avery,2020-12-05,24,948
Avery,2020-12-06,13,961
Avery,2020-12-07,11,972
Avery,2020-12-08,20,992
Avery,2020-12-09,8,1000
Avery,2020-12-10,10,1010
Avery,2020-12-11,16,1026
Avery,2020-12-12,9,1035
Avery,2020-12-13,23,1058
Avery,2020-12-14,2,1060
Avery,2020-12-15,15,1075
Beaufort,2020-03-24,2,2
Beaufort,2020-03-26,1,3
Beaufort,2020-03-30,1,4
Beaufort,2020-03-31,1,5
Beaufort,2020-04-01,2,7
Beaufort,2020-04-03,1,8
Beaufort,2020-04-06,1,9
Beaufort,2020-04-08,1,10
Beaufort,2020-04-09,1,11
Beaufort,2020-04-10,1,12
Beaufort,2020-04-14,1,13
Beaufort,2020-04-19,1,14
Beaufort,2020-04-20,1,15
Beaufort,2020-04-21,1,16
Beaufort,2020-04-24,2,18
Beaufort,2020-04-25,1,19
Beaufort,2020-04-26,1,20
Beaufort,2020-04-28,1,21
Beaufort,2020-05-06,1,22
Beaufort,2020-05-07,1,23
Beaufort,2020-05-08,1,24
Beaufort,2020-05-13,2,26
Beaufort,2020-05-15,2,28
Beaufort,2020-05-17,3,31
Beaufort,2020-05-20,1,32
Beaufort,2020-05-21,1,33
Beaufort,2020-05-26,1,34
Beaufort,2020-05-29,1,35
Beaufort,2020-06-01,1,36
Beaufort,2020-06-03,3,39
Beaufort,2020-06-04,3,42
Beaufort,2020-06-05,1,43
Beaufort,2020-06-07,1,44
Beaufort,2020-06-10,1,45
Beaufort,2020-06-11,2,47
Beaufort,2020-06-12,3,50
Beaufort,2020-06-14,1,51
Beaufort,2020-06-15,1,52
Beaufort,2020-06-16,1,53
Beaufort,2020-06-17,1,54
Beaufort,2020-06-18,1,55
Beaufort,2020-06-19,1,56
Beaufort,2020-06-20,1,57
Beaufort,2020-06-21,2,59
Beaufort,2020-06-22,3,62
Beaufort,2020-06-24,2,64
Beaufort,2020-06-25,3,67
Beaufort,2020-06-26,9,76
Beaufort,2020-06-27,2,78
Beaufort,2020-06-28,3,81
Beaufort,2020-06-29,2,83
Beaufort,2020-06-30,2,85
Beaufort,2020-07-01,8,93
Beaufort,2020-07-02,7,100
Beaufort,2020-07-03,2,102
Beaufort,2020-07-04,1,103
Beaufort,2020-07-05,6,109
Beaufort,2020-07-06,3,112
Beaufort,2020-07-07,9,121
Beaufort,2020-07-08,8,129
Beaufort,2020-07-09,10,139
Beaufort,2020-07-10,1,140
Beaufort,2020-07-11,12,152
Beaufort,2020-07-12,3,155
Beaufort,2020-07-13,7,162
Beaufort,2020-07-14,8,170
Beaufort,2020-07-15,9,179
Beaufort,2020-07-16,10,189
Beaufort,2020-07-17,7,196
Beaufort,2020-07-18,8,204
Beaufort,2020-07-19,4,208
Beaufort,2020-07-20,5,213
Beaufort,2020-07-21,5,218
Beaufort,2020-07-22,17,235
Beaufort,2020-07-23,14,249
Beaufort,2020-07-24,19,268
Beaufort,2020-07-25,18,286
Beaufort,2020-07-26,9,295
Beaufort,2020-07-27,15,310
Beaufort,2020-07-28,21,331
Beaufort,2020-07-29,9,340
Beaufort,2020-07-30,4,344
Beaufort,2020-07-31,8,352
Beaufort,2020-08-01,2,354
Beaufort,2020-08-02,7,361
Beaufort,2020-08-03,1,362
Beaufort,2020-08-04,7,369
Beaufort,2020-08-05,6,375
Beaufort,2020-08-06,17,392
Beaufort,2020-08-07,10,402
Beaufort,2020-08-08,10,412
Beaufort,2020-08-09,4,416
Beaufort,2020-08-10,5,421
Beaufort,2020-08-11,7,428
Beaufort,2020-08-12,10,438
Beaufort,2020-08-13,10,448
Beaufort,2020-08-14,14,462
Beaufort,2020-08-15,18,480
Beaufort,2020-08-16,4,484
Beaufort,2020-08-17,6,490
Beaufort,2020-08-18,4,494
Beaufort,2020-08-19,8,502
Beaufort,2020-08-20,10,512
Beaufort,2020-08-21,7,519
Beaufort,2020-08-22,6,525
Beaufort,2020-08-23,1,526
Beaufort,2020-08-24,6,532
Beaufort,2020-08-25,13,545
Beaufort,2020-08-26,14,559
Beaufort,2020-08-27,20,579
Beaufort,2020-08-28,17,596
Beaufort,2020-08-29,15,611
Beaufort,2020-08-30,6,617
Beaufort,2020-08-31,5,622
Beaufort,2020-09-01,7,629
Beaufort,2020-09-02,25,654
Beaufort,2020-09-03,18,672
Beaufort,2020-09-04,21,693
Beaufort,2020-09-05,17,710
Beaufort,2020-09-06,2,712
Beaufort,2020-09-07,8,720
Beaufort,2020-09-08,9,729
Beaufort,2020-09-09,34,763
Beaufort,2020-09-10,33,796
Beaufort,2020-09-11,9,805
Beaufort,2020-09-12,6,811
Beaufort,2020-09-13,3,814
Beaufort,2020-09-14,8,822
Beaufort,2020-09-15,6,828
Beaufort,2020-09-16,14,842
Beaufort,2020-09-17,11,853
Beaufort,2020-09-18,30,883
Beaufort,2020-09-19,8,891
Beaufort,2020-09-20,6,897
Beaufort,2020-09-21,9,906
Beaufort,2020-09-22,4,910
Beaufort,2020-09-23,11,921
Beaufort,2020-09-24,20,941
Beaufort,2020-09-25,14,955
Beaufort,2020-09-26,9,964
Beaufort,2020-09-27,1,965
Beaufort,2020-09-28,5,970
Beaufort,2020-09-29,3,973
Beaufort,2020-09-30,7,980
Beaufort,2020-10-01,12,992
Beaufort,2020-10-02,7,999
Beaufort,2020-10-03,4,1003
Beaufort,2020-10-04,10,1013
Beaufort,2020-10-05,3,1016
Beaufort,2020-10-06,8,1024
Beaufort,2020-10-07,11,1035
Beaufort,2020-10-08,21,1056
Beaufort,2020-10-09,14,1070
Beaufort,2020-10-10,19,1089
Beaufort,2020-10-11,10,1099
Beaufort,2020-10-12,10,1109
Beaufort,2020-10-13,7,1116
Beaufort,2020-10-14,24,1140
Beaufort,2020-10-15,22,1162
Beaufort,2020-10-16,15,1177
Beaufort,2020-10-17,24,1201
Beaufort,2020-10-18,4,1205
Beaufort,2020-10-19,8,1213
Beaufort,2020-10-20,5,1218
Beaufort,2020-10-21,10,1228
Beaufort,2020-10-22,13,1241
Beaufort,2020-10-23,11,1252
Beaufort,2020-10-24,4,1256
Beaufort,2020-10-25,14,1270
Beaufort,2020-10-26,5,1275
Beaufort,2020-10-27,5,1280
Beaufort,2020-10-28,13,1293
Beaufort,2020-10-29,5,1298
Beaufort,2020-10-30,12,1310
Beaufort,2020-10-31,8,1318
Beaufort,2020-11-01,2,1320
Beaufort,2020-11-02,5,1325
Beaufort,2020-11-03,5,1330
Beaufort,2020-11-04,10,1340
Beaufort,2020-11-05,9,1349
Beaufort,2020-11-06,5,1354
Beaufort,2020-11-07,11,1365
Beaufort,2020-11-08,2,1367
Beaufort,2020-11-09,10,1377
Beaufort,2020-11-10,7,1384
Beaufort,2020-11-11,9,1393
Beaufort,2020-11-12,7,1400
Beaufort,2020-11-13,3,1403
Beaufort,2020-11-14,4,1407
Beaufort,2020-11-15,13,1420
Beaufort,2020-11-16,7,1427
Beaufort,2020-11-17,16,1443
Beaufort,2020-11-18,8,1451
Beaufort,2020-11-19,13,1464
Beaufort,2020-11-20,11,1475
Beaufort,2020-11-21,1,1476
Beaufort,2020-11-22,4,1480
Beaufort,2020-11-23,11,1491
Beaufort,2020-11-24,18,1509
Beaufort,2020-11-25,17,1526
Beaufort,2020-11-26,9,1535
Beaufort,2020-11-27,8,1543
Beaufort,2020-11-28,15,1558
Beaufort,2020-11-29,7,1565
Beaufort,2020-11-30,9,1574
Beaufort,2020-12-01,33,1607
Beaufort,2020-12-02,12,1619
Beaufort,2020-12-03,25,1644
Beaufort,2020-12-04,16,1660
Beaufort,2020-12-05,20,1680
Beaufort,2020-12-06,13,1693
Beaufort,2020-12-07,18,1711
Beaufort,2020-12-08,32,1743
Beaufort,2020-12-09,19,1762
Beaufort,2020-12-10,21,1783
Beaufort,2020-12-11,19,1802
Beaufort,2020-12-12,11,1813
Beaufort,2020-12-13,20,1833
Beaufort,2020-12-14,14,1847
Beaufort,2020-12-15,24,1871
Bertie,2020-03-24,3,3
Bertie,2020-03-26,1,4
Bertie,2020-03-27,2,6
Bertie,2020-04-02,1,7
Bertie,2020-04-05,1,8
Bertie,2020-04-06,1,9
Bertie,2020-04-07,2,11
Bertie,2020-04-08,1,12
Bertie,2020-04-13,2,14
Bertie,2020-04-14,3,17
Bertie,2020-04-16,1,18
Bertie,2020-04-17,2,20
Bertie,2020-04-18,1,21
Bertie,2020-04-19,3,24
Bertie,2020-04-20,1,25
Bertie,2020-04-21,2,27
Bertie,2020-04-22,3,30
Bertie,2020-04-23,4,34
Bertie,2020-04-24,1,35
Bertie,2020-04-25,1,36
Bertie,2020-04-26,2,38
Bertie,2020-04-29,6,44
Bertie,2020-04-30,1,45
Bertie,2020-05-01,2,47
Bertie,2020-05-04,4,51
Bertie,2020-05-05,2,53
Bertie,2020-05-06,4,57
Bertie,2020-05-07,1,58
Bertie,2020-05-08,3,61
Bertie,2020-05-09,2,63
Bertie,2020-05-11,6,69
Bertie,2020-05-12,2,71
Bertie,2020-05-13,2,73
Bertie,2020-05-14,2,75
Bertie,2020-05-15,8,83
Bertie,2020-05-16,3,86
Bertie,2020-05-17,3,89
Bertie,2020-05-18,4,93
Bertie,2020-05-19,4,97
Bertie,2020-05-20,2,99
Bertie,2020-05-21,9,108
Bertie,2020-05-22,3,111
Bertie,2020-05-23,1,112
Bertie,2020-05-24,2,114
Bertie,2020-05-25,1,115
Bertie,2020-05-27,1,116
Bertie,2020-05-28,1,117
Bertie,2020-05-29,2,119
Bertie,2020-05-31,1,120
Bertie,2020-06-01,3,123
Bertie,2020-06-02,1,124
Bertie,2020-06-03,1,125
Bertie,2020-06-04,3,128
Bertie,2020-06-05,2,130
Bertie,2020-06-06,1,131
Bertie,2020-06-10,1,132
Bertie,2020-06-15,1,133
Bertie,2020-06-18,1,134
Bertie,2020-06-20,1,135
Bertie,2020-06-24,1,136
Bertie,2020-06-26,3,139
Bertie,2020-06-27,1,140
Bertie,2020-06-28,1,141
Bertie,2020-06-29,1,142
Bertie,2020-06-30,1,143
Bertie,2020-07-02,1,144
Bertie,2020-07-03,4,148
Bertie,2020-07-07,2,150
Bertie,2020-07-08,2,152
Bertie,2020-07-11,2,154
Bertie,2020-07-12,2,156
Bertie,2020-07-13,4,160
Bertie,2020-07-14,1,161
Bertie,2020-07-15,4,165
Bertie,2020-07-16,10,175
Bertie,2020-07-17,2,177
Bertie,2020-07-18,2,179
Bertie,2020-07-19,1,180
Bertie,2020-07-20,3,183
Bertie,2020-07-21,5,188
Bertie,2020-07-22,4,192
Bertie,2020-07-23,10,202
Bertie,2020-07-24,10,212
Bertie,2020-07-25,4,216
Bertie,2020-07-26,2,218
Bertie,2020-07-27,2,220
Bertie,2020-07-28,3,223
Bertie,2020-07-29,7,230
Bertie,2020-07-30,14,244
Bertie,2020-07-31,5,249
Bertie,2020-08-01,1,250
Bertie,2020-08-02,4,254
Bertie,2020-08-03,2,256
Bertie,2020-08-04,3,259
Bertie,2020-08-05,4,263
Bertie,2020-08-06,2,265
Bertie,2020-08-07,6,271
Bertie,2020-08-08,3,274
Bertie,2020-08-09,6,280
Bertie,2020-08-10,5,285
Bertie,2020-08-11,7,292
Bertie,2020-08-12,6,298
Bertie,2020-08-13,9,307
Bertie,2020-08-14,15,322
Bertie,2020-08-15,5,327
Bertie,2020-08-16,4,331
Bertie,2020-08-17,3,334
Bertie,2020-08-18,8,342
Bertie,2020-08-19,7,349
Bertie,2020-08-20,4,353
Bertie,2020-08-21,8,361
Bertie,2020-08-22,5,366
Bertie,2020-08-23,7,373
Bertie,2020-08-24,6,379
Bertie,2020-08-25,14,393
Bertie,2020-08-26,2,395
Bertie,2020-08-27,17,412
Bertie,2020-08-28,7,419
Bertie,2020-08-29,14,433
Bertie,2020-08-30,8,441
Bertie,2020-08-31,8,449
Bertie,2020-09-01,7,456
Bertie,2020-09-02,7,463
Bertie,2020-09-03,6,469
Bertie,2020-09-04,4,473
Bertie,2020-09-05,15,488
Bertie,2020-09-06,3,491
Bertie,2020-09-07,3,494
Bertie,2020-09-08,6,500
Bertie,2020-09-09,3,503
Bertie,2020-09-10,6,509
Bertie,2020-09-11,3,512
Bertie,2020-09-12,2,514
Bertie,2020-09-13,4,518
Bertie,2020-09-14,3,521
Bertie,2020-09-15,4,525
Bertie,2020-09-16,5,530
Bertie,2020-09-17,8,538
Bertie,2020-09-18,14,552
Bertie,2020-09-19,1,553
Bertie,2020-09-20,2,555
Bertie,2020-09-21,3,558
Bertie,2020-09-22,3,561
Bertie,2020-09-23,6,567
Bertie,2020-09-24,11,578
Bertie,2020-09-25,9,587
Bertie,2020-09-26,2,589
Bertie,2020-09-27,4,593
Bertie,2020-09-28,7,600
Bertie,2020-09-29,4,604
Bertie,2020-09-30,5,609
Bertie,2020-10-01,6,615
Bertie,2020-10-02,6,621
Bertie,2020-10-03,4,625
Bertie,2020-10-04,1,626
Bertie,2020-10-05,2,628
Bertie,2020-10-06,6,634
Bertie,2020-10-07,2,636
Bertie,2020-10-08,4,640
Bertie,2020-10-09,6,646
Bertie,2020-10-10,0,646
Bertie,2020-10-11,3,649
Bertie,2020-10-12,1,650
Bertie,2020-10-13,4,654
Bertie,2020-10-14,1,655
Bertie,2020-10-15,0,655
Bertie,2020-10-16,2,657
Bertie,2020-10-17,4,661
Bertie,2020-10-18,2,663
Bertie,2020-10-19,4,667
Bertie,2020-10-20,5,672
Bertie,2020-10-21,1,673
Bertie,2020-10-22,3,676
Bertie,2020-10-23,3,679
Bertie,2020-10-24,1,680
Bertie,2020-10-25,2,682
Bertie,2020-10-26,1,683
Bertie,2020-10-27,3,686
Bertie,2020-10-28,2,688
Bertie,2020-10-29,1,689
Bertie,2020-10-30,5,694
Bertie,2020-11-01,2,696
Bertie,2020-11-02,3,699
Bertie,2020-11-03,4,703
Bertie,2020-11-04,1,704
Bertie,2020-11-05,3,707
Bertie,2020-11-06,2,709
Bertie,2020-11-07,5,714
Bertie,2020-11-08,1,715
Bertie,2020-11-10,11,726
Bertie,2020-11-11,12,738
Bertie,2020-11-12,6,744
Bertie,2020-11-13,8,752
Bertie,2020-11-14,5,757
Bertie,2020-11-15,5,762
Bertie,2020-11-16,7,769
Bertie,2020-11-17,9,778
Bertie,2020-11-18,9,787
Bertie,2020-11-19,4,791
Bertie,2020-11-20,6,797
Bertie,2020-11-21,5,802
Bertie,2020-11-22,7,809
Bertie,2020-11-23,5,814
Bertie,2020-11-24,13,827
Bertie,2020-11-25,5,832
Bertie,2020-11-26,4,836
Bertie,2020-11-27,4,840
Bertie,2020-11-28,2,842
Bertie,2020-11-29,2,844
Bertie,2020-11-30,7,851
Bertie,2020-12-01,16,867
Bertie,2020-12-02,10,877
Bertie,2020-12-03,10,887
Bertie,2020-12-04,15,902
Bertie,2020-12-05,14,916
Bertie,2020-12-06,6,922
Bertie,2020-12-07,6,928
Bertie,2020-12-08,6,934
Bertie,2020-12-09,12,946
Bertie,2020-12-10,6,952
Bertie,2020-12-11,16,968
Bertie,2020-12-12,11,979
Bertie,2020-12-13,10,989
Bertie,2020-12-14,9,998
Bertie,2020-12-15,9,1007
Bladen,2020-04-02,1,1
Bladen,2020-04-16,1,2
Bladen,2020-04-20,2,4
Bladen,2020-04-23,3,7
Bladen,2020-04-24,1,8
Bladen,2020-04-25,2,10
Bladen,2020-04-26,1,11
Bladen,2020-04-27,9,20
Bladen,2020-04-28,1,21
Bladen,2020-04-29,1,22
Bladen,2020-04-30,3,25
Bladen,2020-05-01,3,28
Bladen,2020-05-02,1,29
Bladen,2020-05-03,3,32
Bladen,2020-05-04,5,37
Bladen,2020-05-05,6,43
Bladen,2020-05-06,3,46
Bladen,2020-05-07,4,50
Bladen,2020-05-08,1,51
Bladen,2020-05-10,2,53
Bladen,2020-05-11,6,59
Bladen,2020-05-12,3,62
Bladen,2020-05-13,3,65
Bladen,2020-05-14,5,70
Bladen,2020-05-15,2,72
Bladen,2020-05-16,2,74
Bladen,2020-05-18,4,78
Bladen,2020-05-19,2,80
Bladen,2020-05-20,4,84
Bladen,2020-05-21,7,91
Bladen,2020-05-22,2,93
Bladen,2020-05-23,1,94
Bladen,2020-05-27,1,95
Bladen,2020-05-28,5,100
Bladen,2020-05-29,3,103
Bladen,2020-05-31,3,106
Bladen,2020-06-01,1,107
Bladen,2020-06-02,3,110
Bladen,2020-06-03,21,131
Bladen,2020-06-04,12,143
Bladen,2020-06-05,11,154
Bladen,2020-06-06,7,161
Bladen,2020-06-07,5,166
Bladen,2020-06-08,1,167
Bladen,2020-06-09,1,168
Bladen,2020-06-10,10,178
Bladen,2020-06-11,10,188
Bladen,2020-06-12,5,193
Bladen,2020-06-13,2,195
Bladen,2020-06-14,5,200
Bladen,2020-06-15,4,204
Bladen,2020-06-16,12,216
Bladen,2020-06-17,7,223
Bladen,2020-06-18,9,232
Bladen,2020-06-19,22,254
Bladen,2020-06-20,46,300
Bladen,2020-06-21,3,303
Bladen,2020-06-22,14,317
Bladen,2020-06-23,14,331
Bladen,2020-06-24,10,341
Bladen,2020-06-25,4,345
Bladen,2020-06-26,7,352
Bladen,2020-06-27,8,360
Bladen,2020-06-28,9,369
Bladen,2020-06-29,4,373
Bladen,2020-06-30,5,378
Bladen,2020-07-01,8,386
Bladen,2020-07-02,8,394
Bladen,2020-07-04,1,395
Bladen,2020-07-05,1,396
Bladen,2020-07-06,6,402
Bladen,2020-07-07,7,409
Bladen,2020-07-08,10,419
Bladen,2020-07-09,3,422
Bladen,2020-07-10,5,427
Bladen,2020-07-11,6,433
Bladen,2020-07-12,10,443
Bladen,2020-07-13,8,451
Bladen,2020-07-14,3,454
Bladen,2020-07-15,6,460
Bladen,2020-07-16,11,471
Bladen,2020-07-17,6,477
Bladen,2020-07-18,5,482
Bladen,2020-07-19,2,484
Bladen,2020-07-20,5,489
Bladen,2020-07-21,10,499
Bladen,2020-07-22,6,505
Bladen,2020-07-23,6,511
Bladen,2020-07-24,9,520
Bladen,2020-07-25,3,523
Bladen,2020-07-26,7,530
Bladen,2020-07-27,8,538
Bladen,2020-07-28,7,545
Bladen,2020-07-29,15,560
Bladen,2020-07-30,4,564
Bladen,2020-07-31,13,577
Bladen,2020-08-01,6,583
Bladen,2020-08-02,4,587
Bladen,2020-08-03,5,592
Bladen,2020-08-04,5,597
Bladen,2020-08-05,8,605
Bladen,2020-08-06,5,610
Bladen,2020-08-07,11,621
Bladen,2020-08-08,1,622
Bladen,2020-08-10,2,624
Bladen,2020-08-11,1,625
Bladen,2020-08-12,4,629
Bladen,2020-08-13,7,636
Bladen,2020-08-14,9,645
Bladen,2020-08-15,3,648
Bladen,2020-08-16,1,649
Bladen,2020-08-17,4,653
Bladen,2020-08-18,2,655
Bladen,2020-08-19,3,658
Bladen,2020-08-20,3,661
Bladen,2020-08-21,1,662
Bladen,2020-08-22,3,665
Bladen,2020-08-23,4,669
Bladen,2020-08-24,3,672
Bladen,2020-08-25,5,677
Bladen,2020-08-26,5,682
Bladen,2020-08-27,4,686
Bladen,2020-08-28,8,694
Bladen,2020-08-29,9,703
Bladen,2020-08-30,9,712
Bladen,2020-08-31,3,715
Bladen,2020-09-01,3,718
Bladen,2020-09-02,10,728
Bladen,2020-09-03,6,734
Bladen,2020-09-04,13,747
Bladen,2020-09-05,3,750
Bladen,2020-09-06,2,752
Bladen,2020-09-07,7,759
Bladen,2020-09-08,2,761
Bladen,2020-09-09,8,769
Bladen,2020-09-10,13,782
Bladen,2020-09-11,5,787
Bladen,2020-09-12,2,789
Bladen,2020-09-13,1,790
Bladen,2020-09-14,3,793
Bladen,2020-09-15,7,800
Bladen,2020-09-16,6,806
Bladen,2020-09-17,3,809
Bladen,2020-09-18,7,816
Bladen,2020-09-19,3,819
Bladen,2020-09-20,1,820
Bladen,2020-09-21,2,822
Bladen,2020-09-22,8,830
Bladen,2020-09-23,7,837
Bladen,2020-09-24,6,843
Bladen,2020-09-25,8,851
Bladen,2020-09-26,5,856
Bladen,2020-09-27,3,859
Bladen,2020-09-28,4,863
Bladen,2020-09-29,3,866
Bladen,2020-09-30,8,874
Bladen,2020-10-01,5,879
Bladen,2020-10-02,2,881
Bladen,2020-10-03,4,885
Bladen,2020-10-04,1,886
Bladen,2020-10-05,5,891
Bladen,2020-10-06,4,895
Bladen,2020-10-07,9,904
Bladen,2020-10-08,1,905
Bladen,2020-10-09,4,909
Bladen,2020-10-10,3,912
Bladen,2020-10-12,4,916
Bladen,2020-10-13,2,918
Bladen,2020-10-14,7,925
Bladen,2020-10-15,4,929
Bladen,2020-10-16,6,935
Bladen,2020-10-17,4,939
Bladen,2020-10-18,9,948
Bladen,2020-10-19,0,948
Bladen,2020-10-20,4,952
Bladen,2020-10-21,3,955
Bladen,2020-10-23,4,959
Bladen,2020-10-24,1,960
Bladen,2020-10-25,3,963
Bladen,2020-10-26,5,968
Bladen,2020-10-27,6,974
Bladen,2020-10-28,4,978
Bladen,2020-10-29,4,982
Bladen,2020-10-30,1,983
Bladen,2020-10-31,3,986
Bladen,2020-11-02,2,988
Bladen,2020-11-03,7,995
Bladen,2020-11-04,3,998
Bladen,2020-11-05,2,1000
Bladen,2020-11-06,7,1007
Bladen,2020-11-07,6,1013
Bladen,2020-11-08,1,1014
Bladen,2020-11-09,4,1018
Bladen,2020-11-10,6,1024
Bladen,2020-11-11,9,1033
Bladen,2020-11-12,10,1043
Bladen,2020-11-13,4,1047
Bladen,2020-11-14,10,1057
Bladen,2020-11-15,4,1061
Bladen,2020-11-16,6,1067
Bladen,2020-11-17,12,1079
Bladen,2020-11-18,9,1088
Bladen,2020-11-19,10,1098
Bladen,2020-11-20,3,1101
Bladen,2020-11-21,8,1109
Bladen,2020-11-22,5,1114
Bladen,2020-11-23,5,1119
Bladen,2020-11-24,15,1134
Bladen,2020-11-25,12,1146
Bladen,2020-11-26,6,1152
Bladen,2020-11-27,3,1155
Bladen,2020-11-28,2,1157
Bladen,2020-11-29,9,1166
Bladen,2020-11-30,8,1174
Bladen,2020-12-01,8,1182
Bladen,2020-12-02,17,1199
Bladen,2020-12-03,9,1208
Bladen,2020-12-04,21,1229
Bladen,2020-12-05,11,1240
Bladen,2020-12-07,10,1250
Bladen,2020-12-08,15,1265
Bladen,2020-12-09,17,1282
Bladen,2020-12-10,11,1293
Bladen,2020-12-11,12,1305
Bladen,2020-12-12,1,1306
Bladen,2020-12-13,24,1330
Bladen,2020-12-14,5,1335
Bladen,2020-12-15,17,1352
Brunswick,2020-03-13,1,1
Brunswick,2020-03-19,1,2
Brunswick,2020-03-20,2,4
Brunswick,2020-03-21,2,6
Brunswick,2020-03-23,2,8
Brunswick,2020-03-24,2,10
Brunswick,2020-03-25,1,11
Brunswick,2020-03-27,1,12
Brunswick,2020-03-30,2,14
Brunswick,2020-03-31,1,15
Brunswick,2020-04-01,4,19
Brunswick,2020-04-02,4,23
Brunswick,2020-04-04,1,24
Brunswick,2020-04-05,2,26
Brunswick,2020-04-08,2,28
Brunswick,2020-04-09,2,30
Brunswick,2020-04-10,1,31
Brunswick,2020-04-11,4,35
Brunswick,2020-04-16,1,36
Brunswick,2020-04-20,1,37
Brunswick,2020-04-21,1,38
Brunswick,2020-04-23,1,39
Brunswick,2020-04-26,1,40
Brunswick,2020-04-27,3,43
Brunswick,2020-04-28,1,44
Brunswick,2020-05-01,4,48
Brunswick,2020-05-04,1,49
Brunswick,2020-05-11,1,50
Brunswick,2020-05-12,1,51
Brunswick,2020-05-15,2,53
Brunswick,2020-05-16,2,55
Brunswick,2020-05-17,4,59
Brunswick,2020-05-19,2,61
Brunswick,2020-05-20,3,64
Brunswick,2020-05-21,3,67
Brunswick,2020-05-22,3,70
Brunswick,2020-05-23,1,71
Brunswick,2020-05-24,5,76
Brunswick,2020-05-25,1,77
Brunswick,2020-05-26,2,79
Brunswick,2020-05-27,1,80
Brunswick,2020-05-28,3,83
Brunswick,2020-05-29,1,84
Brunswick,2020-05-30,1,85
Brunswick,2020-05-31,11,96
Brunswick,2020-06-03,23,119
Brunswick,2020-06-04,11,130
Brunswick,2020-06-05,2,132
Brunswick,2020-06-06,9,141
Brunswick,2020-06-07,11,152
Brunswick,2020-06-08,10,162
Brunswick,2020-06-09,5,167
Brunswick,2020-06-10,18,185
Brunswick,2020-06-11,11,196
Brunswick,2020-06-12,19,215
Brunswick,2020-06-13,19,234
Brunswick,2020-06-14,15,249
Brunswick,2020-06-15,23,272
Brunswick,2020-06-16,7,279
Brunswick,2020-06-17,28,307
Brunswick,2020-06-18,18,325
Brunswick,2020-06-19,14,339
Brunswick,2020-06-20,18,357
Brunswick,2020-06-21,15,372
Brunswick,2020-06-22,10,382
Brunswick,2020-06-23,25,407
Brunswick,2020-06-24,16,423
Brunswick,2020-06-25,31,454
Brunswick,2020-06-26,20,474
Brunswick,2020-06-27,26,500
Brunswick,2020-06-28,16,516
Brunswick,2020-06-29,10,526
Brunswick,2020-06-30,33,559
Brunswick,2020-07-01,23,582
Brunswick,2020-07-02,35,617
Brunswick,2020-07-03,26,643
Brunswick,2020-07-04,17,660
Brunswick,2020-07-05,11,671
Brunswick,2020-07-06,16,687
Brunswick,2020-07-07,21,708
Brunswick,2020-07-08,26,734
Brunswick,2020-07-09,14,748
Brunswick,2020-07-10,10,758
Brunswick,2020-07-11,28,786
Brunswick,2020-07-12,21,807
Brunswick,2020-07-13,32,839
Brunswick,2020-07-14,21,860
Brunswick,2020-07-15,19,879
Brunswick,2020-07-16,18,897
Brunswick,2020-07-17,32,929
Brunswick,2020-07-18,19,948
Brunswick,2020-07-19,7,955
Brunswick,2020-07-20,29,984
Brunswick,2020-07-21,11,995
Brunswick,2020-07-22,19,1014
Brunswick,2020-07-23,13,1027
Brunswick,2020-07-24,12,1039
Brunswick,2020-07-25,19,1058
Brunswick,2020-07-26,15,1073
Brunswick,2020-07-27,25,1098
Brunswick,2020-07-28,13,1111
Brunswick,2020-07-29,32,1143
Brunswick,2020-07-30,14,1157
Brunswick,2020-07-31,14,1171
Brunswick,2020-08-01,9,1180
Brunswick,2020-08-02,13,1193
Brunswick,2020-08-03,3,1196
Brunswick,2020-08-04,15,1211
Brunswick,2020-08-05,11,1222
Brunswick,2020-08-06,9,1231
Brunswick,2020-08-07,11,1242
Brunswick,2020-08-08,6,1248
Brunswick,2020-08-09,4,1252
Brunswick,2020-08-10,11,1263
Brunswick,2020-08-11,16,1279
Brunswick,2020-08-12,12,1291
Brunswick,2020-08-13,3,1294
Brunswick,2020-08-14,14,1308
Brunswick,2020-08-15,9,1317
Brunswick,2020-08-16,3,1320
Brunswick,2020-08-17,8,1328
Brunswick,2020-08-18,6,1334
Brunswick,2020-08-19,3,1337
Brunswick,2020-08-20,8,1345
Brunswick,2020-08-21,7,1352
Brunswick,2020-08-22,4,1356
Brunswick,2020-08-23,4,1360
Brunswick,2020-08-24,2,1362
Brunswick,2020-08-25,3,1365
Brunswick,2020-08-26,6,1371
Brunswick,2020-08-27,4,1375
Brunswick,2020-08-28,8,1383
Brunswick,2020-08-29,6,1389
Brunswick,2020-08-30,4,1393
Brunswick,2020-08-31,8,1401
Brunswick,2020-09-01,2,1403
Brunswick,2020-09-02,7,1410
Brunswick,2020-09-03,10,1420
Brunswick,2020-09-04,5,1425
Brunswick,2020-09-05,7,1432
Brunswick,2020-09-06,3,1435
Brunswick,2020-09-07,3,1438
Brunswick,2020-09-08,5,1443
Brunswick,2020-09-09,11,1454
Brunswick,2020-09-10,7,1461
Brunswick,2020-09-11,9,1470
Brunswick,2020-09-12,7,1477
Brunswick,2020-09-13,7,1484
Brunswick,2020-09-14,2,1486
Brunswick,2020-09-15,14,1500
Brunswick,2020-09-16,8,1508
Brunswick,2020-09-17,6,1514
Brunswick,2020-09-18,16,1530
Brunswick,2020-09-19,10,1540
Brunswick,2020-09-20,3,1543
Brunswick,2020-09-21,7,1550
Brunswick,2020-09-22,18,1568
Brunswick,2020-09-23,13,1581
Brunswick,2020-09-24,11,1592
Brunswick,2020-09-25,12,1604
Brunswick,2020-09-26,4,1608
Brunswick,2020-09-27,0,1608
Brunswick,2020-09-28,4,1612
Brunswick,2020-09-29,13,1625
Brunswick,2020-09-30,15,1640
Brunswick,2020-10-01,7,1647
Brunswick,2020-10-02,13,1660
Brunswick,2020-10-03,22,1682
Brunswick,2020-10-04,17,1699
Brunswick,2020-10-05,8,1707
Brunswick,2020-10-06,24,1731
Brunswick,2020-10-07,20,1751
Brunswick,2020-10-08,19,1770
Brunswick,2020-10-09,24,1794
Brunswick,2020-10-10,17,1811
Brunswick,2020-10-11,18,1829
Brunswick,2020-10-12,11,1840
Brunswick,2020-10-13,12,1852
Brunswick,2020-10-14,37,1889
Brunswick,2020-10-15,17,1906
Brunswick,2020-10-16,12,1918
Brunswick,2020-10-17,16,1934
Brunswick,2020-10-18,14,1948
Brunswick,2020-10-19,16,1964
Brunswick,2020-10-20,26,1990
Brunswick,2020-10-21,16,2006
Brunswick,2020-10-22,10,2016
Brunswick,2020-10-23,20,2036
Brunswick,2020-10-24,7,2043
Brunswick,2020-10-25,11,2054
Brunswick,2020-10-26,8,2062
Brunswick,2020-10-27,16,2078
Brunswick,2020-10-28,11,2089
Brunswick,2020-10-29,12,2101
Brunswick,2020-10-30,12,2113
Brunswick,2020-10-31,16,2129
Brunswick,2020-11-01,7,2136
Brunswick,2020-11-02,17,2153
Brunswick,2020-11-03,21,2174
Brunswick,2020-11-04,21,2195
Brunswick,2020-11-05,20,2215
Brunswick,2020-11-06,13,2228
Brunswick,2020-11-07,26,2254
Brunswick,2020-11-08,15,2269
Brunswick,2020-11-09,19,2288
Brunswick,2020-11-10,24,2312
Brunswick,2020-11-11,21,2333
Brunswick,2020-11-12,36,2369
Brunswick,2020-11-13,29,2398
Brunswick,2020-11-14,24,2422
Brunswick,2020-11-15,14,2436
Brunswick,2020-11-16,32,2468
Brunswick,2020-11-17,25,2493
Brunswick,2020-11-18,36,2529
Brunswick,2020-11-19,26,2555
Brunswick,2020-11-20,39,2594
Brunswick,2020-11-21,23,2617
Brunswick,2020-11-22,12,2629
Brunswick,2020-11-23,22,2651
Brunswick,2020-11-24,50,2701
Brunswick,2020-11-25,41,2742
Brunswick,2020-11-26,31,2773
Brunswick,2020-11-27,25,2798
Brunswick,2020-11-28,33,2831
Brunswick,2020-11-29,25,2856
Brunswick,2020-11-30,22,2878
Brunswick,2020-12-01,45,2923
Brunswick,2020-12-02,59,2982
Brunswick,2020-12-03,42,3024
Brunswick,2020-12-04,32,3056
Brunswick,2020-12-05,32,3088
Brunswick,2020-12-06,24,3112
Brunswick,2020-12-07,54,3166
Brunswick,2020-12-08,34,3200
Brunswick,2020-12-09,49,3249
Brunswick,2020-12-10,41,3290
Brunswick,2020-12-11,31,3321
Brunswick,2020-12-12,36,3357
Brunswick,2020-12-13,24,3381
Brunswick,2020-12-14,25,3406
Brunswick,2020-12-15,43,3449
Buncombe,2020-03-22,3,3
Buncombe,2020-03-23,2,5
Buncombe,2020-03-24,6,11
Buncombe,2020-03-25,2,13
Buncombe,2020-03-26,3,16
Buncombe,2020-03-27,1,17
Buncombe,2020-03-28,2,19
Buncombe,2020-03-29,1,20
Buncombe,2020-03-30,1,21
Buncombe,2020-04-01,2,23
Buncombe,2020-04-02,2,25
Buncombe,2020-04-03,4,29
Buncombe,2020-04-04,1,30
Buncombe,2020-04-05,1,31
Buncombe,2020-04-06,3,34
Buncombe,2020-04-07,1,35
Buncombe,2020-04-08,1,36
Buncombe,2020-04-11,1,37
Buncombe,2020-04-13,1,38
Buncombe,2020-04-14,2,40
Buncombe,2020-04-15,4,44
Buncombe,2020-04-16,1,45
Buncombe,2020-04-18,1,46
Buncombe,2020-04-21,1,47
Buncombe,2020-04-22,2,49
Buncombe,2020-04-24,1,50
Buncombe,2020-04-25,3,53
Buncombe,2020-04-27,1,54
Buncombe,2020-04-28,1,55
Buncombe,2020-04-29,10,65
Buncombe,2020-04-30,2,67
Buncombe,2020-05-02,7,74
Buncombe,2020-05-03,3,77
Buncombe,2020-05-04,1,78
Buncombe,2020-05-05,1,79
Buncombe,2020-05-06,8,87
Buncombe,2020-05-07,2,89
Buncombe,2020-05-08,5,94
Buncombe,2020-05-09,6,100
Buncombe,2020-05-10,1,101
Buncombe,2020-05-11,4,105
Buncombe,2020-05-12,2,107
Buncombe,2020-05-13,10,117
Buncombe,2020-05-14,24,141
Buncombe,2020-05-15,14,155
Buncombe,2020-05-16,18,173
Buncombe,2020-05-17,7,180
Buncombe,2020-05-18,2,182
Buncombe,2020-05-19,8,190
Buncombe,2020-05-20,34,224
Buncombe,2020-05-21,19,243
Buncombe,2020-05-22,5,248
Buncombe,2020-05-23,9,257
Buncombe,2020-05-24,9,266
Buncombe,2020-05-25,9,275
Buncombe,2020-05-26,13,288
Buncombe,2020-05-27,14,302
Buncombe,2020-05-28,7,309
Buncombe,2020-05-29,18,327
Buncombe,2020-05-30,10,337
Buncombe,2020-05-31,10,347
Buncombe,2020-06-01,7,354
Buncombe,2020-06-02,5,359
Buncombe,2020-06-03,11,370
Buncombe,2020-06-04,10,380
Buncombe,2020-06-05,10,390
Buncombe,2020-06-06,6,396
Buncombe,2020-06-07,4,400
Buncombe,2020-06-08,3,403
Buncombe,2020-06-09,10,413
Buncombe,2020-06-10,7,420
Buncombe,2020-06-11,6,426
Buncombe,2020-06-12,14,440
Buncombe,2020-06-13,8,448
Buncombe,2020-06-14,7,455
Buncombe,2020-06-15,3,458
Buncombe,2020-06-16,5,463
Buncombe,2020-06-17,11,474
Buncombe,2020-06-18,8,482
Buncombe,2020-06-19,14,496
Buncombe,2020-06-20,5,501
Buncombe,2020-06-21,2,503
Buncombe,2020-06-22,4,507
Buncombe,2020-06-23,6,513
Buncombe,2020-06-24,9,522
Buncombe,2020-06-25,4,526
Buncombe,2020-06-26,10,536
Buncombe,2020-06-27,9,545
Buncombe,2020-06-28,27,572
Buncombe,2020-06-29,12,584
Buncombe,2020-06-30,9,593
Buncombe,2020-07-01,18,611
Buncombe,2020-07-02,9,620
Buncombe,2020-07-03,21,641
Buncombe,2020-07-04,29,670
Buncombe,2020-07-05,13,683
Buncombe,2020-07-06,23,706
Buncombe,2020-07-07,30,736
Buncombe,2020-07-08,42,778
Buncombe,2020-07-09,21,799
Buncombe,2020-07-10,37,836
Buncombe,2020-07-11,26,862
Buncombe,2020-07-12,34,896
Buncombe,2020-07-13,33,929
Buncombe,2020-07-14,30,959
Buncombe,2020-07-15,37,996
Buncombe,2020-07-16,50,1046
Buncombe,2020-07-17,58,1104
Buncombe,2020-07-18,41,1145
Buncombe,2020-07-19,29,1174
Buncombe,2020-07-20,50,1224
Buncombe,2020-07-21,29,1253
Buncombe,2020-07-22,49,1302
Buncombe,2020-07-23,52,1354
Buncombe,2020-07-24,58,1412
Buncombe,2020-07-25,43,1455
Buncombe,2020-07-26,27,1482
Buncombe,2020-07-27,52,1534
Buncombe,2020-07-28,36,1570
Buncombe,2020-07-29,38,1608
Buncombe,2020-07-30,45,1653
Buncombe,2020-07-31,58,1711
Buncombe,2020-08-01,23,1734
Buncombe,2020-08-02,24,1758
Buncombe,2020-08-03,33,1791
Buncombe,2020-08-04,25,1816
Buncombe,2020-08-05,29,1845
Buncombe,2020-08-06,43,1888
Buncombe,2020-08-07,37,1925
Buncombe,2020-08-08,34,1959
Buncombe,2020-08-09,24,1983
Buncombe,2020-08-10,25,2008
Buncombe,2020-08-11,29,2037
Buncombe,2020-08-12,34,2071
Buncombe,2020-08-13,32,2103
Buncombe,2020-08-14,58,2161
Buncombe,2020-08-15,34,2195
Buncombe,2020-08-16,20,2215
Buncombe,2020-08-17,18,2233
Buncombe,2020-08-18,35,2268
Buncombe,2020-08-19,34,2302
Buncombe,2020-08-20,58,2360
Buncombe,2020-08-21,24,2384
Buncombe,2020-08-22,20,2404
Buncombe,2020-08-23,16,2420
Buncombe,2020-08-24,6,2426
Buncombe,2020-08-25,13,2439
Buncombe,2020-08-26,41,2480
Buncombe,2020-08-27,28,2508
Buncombe,2020-08-28,18,2526
Buncombe,2020-08-29,14,2540
Buncombe,2020-08-30,12,2552
Buncombe,2020-08-31,6,2558
Buncombe,2020-09-01,9,2567
Buncombe,2020-09-02,27,2594
Buncombe,2020-09-03,16,2610
Buncombe,2020-09-04,34,2644
Buncombe,2020-09-05,10,2654
Buncombe,2020-09-06,19,2673
Buncombe,2020-09-07,2,2675
Buncombe,2020-09-08,20,2695
Buncombe,2020-09-09,11,2706
Buncombe,2020-09-10,26,2732
Buncombe,2020-09-11,27,2759
Buncombe,2020-09-12,9,2768
Buncombe,2020-09-13,13,2781
Buncombe,2020-09-14,11,2792
Buncombe,2020-09-15,15,2807
Buncombe,2020-09-16,23,2830
Buncombe,2020-09-17,20,2850
Buncombe,2020-09-18,14,2864
Buncombe,2020-09-19,14,2878
Buncombe,2020-09-20,12,2890
Buncombe,2020-09-21,17,2907
Buncombe,2020-09-22,21,2928
Buncombe,2020-09-23,31,2959
Buncombe,2020-09-24,28,2987
Buncombe,2020-09-25,21,3008
Buncombe,2020-09-26,23,3031
Buncombe,2020-09-27,9,3040
Buncombe,2020-09-28,22,3062
Buncombe,2020-09-29,20,3082
Buncombe,2020-09-30,34,3116
Buncombe,2020-10-01,45,3161
Buncombe,2020-10-02,42,3203
Buncombe,2020-10-03,20,3223
Buncombe,2020-10-04,15,3238
Buncombe,2020-10-05,19,3257
Buncombe,2020-10-06,15,3272
Buncombe,2020-10-07,42,3314
Buncombe,2020-10-08,44,3358
Buncombe,2020-10-09,62,3420
Buncombe,2020-10-10,31,3451
Buncombe,2020-10-11,24,3475
Buncombe,2020-10-12,17,3492
Buncombe,2020-10-13,18,3510
Buncombe,2020-10-14,41,3551
Buncombe,2020-10-15,33,3584
Buncombe,2020-10-16,33,3617
Buncombe,2020-10-17,11,3628
Buncombe,2020-10-18,22,3650
Buncombe,2020-10-19,13,3663
Buncombe,2020-10-20,34,3697
Buncombe,2020-10-21,59,3756
Buncombe,2020-10-22,63,3819
Buncombe,2020-10-23,32,3851
Buncombe,2020-10-24,28,3879
Buncombe,2020-10-25,33,3912
Buncombe,2020-10-26,23,3935
Buncombe,2020-10-27,28,3963
Buncombe,2020-10-28,51,4014
Buncombe,2020-10-29,35,4049
Buncombe,2020-10-30,35,4084
Buncombe,2020-10-31,24,4108
Buncombe,2020-11-01,32,4140
Buncombe,2020-11-02,26,4166
Buncombe,2020-11-03,40,4206
Buncombe,2020-11-04,39,4245
Buncombe,2020-11-05,21,4266
Buncombe,2020-11-06,17,4283
Buncombe,2020-11-07,20,4303
Buncombe,2020-11-08,22,4325
Buncombe,2020-11-09,28,4353
Buncombe,2020-11-10,34,4387
Buncombe,2020-11-11,43,4430
Buncombe,2020-11-12,50,4480
Buncombe,2020-11-13,42,4522
Buncombe,2020-11-14,65,4587
Buncombe,2020-11-15,33,4620
Buncombe,2020-11-16,58,4678
Buncombe,2020-11-17,44,4722
Buncombe,2020-11-18,67,4789
Buncombe,2020-11-19,43,4832
Buncombe,2020-11-20,56,4888
Buncombe,2020-11-21,31,4919
Buncombe,2020-11-22,43,4962
Buncombe,2020-11-23,66,5028
Buncombe,2020-11-24,35,5063
Buncombe,2020-11-25,51,5114
Buncombe,2020-11-26,79,5193
Buncombe,2020-11-27,63,5256
Buncombe,2020-11-28,52,5308
Buncombe,2020-11-29,28,5336
Buncombe,2020-11-30,54,5390
Buncombe,2020-12-01,79,5469
Buncombe,2020-12-02,72,5541
Buncombe,2020-12-03,83,5624
Buncombe,2020-12-04,75,5699
Buncombe,2020-12-05,101,5800
Buncombe,2020-12-06,106,5906
Buncombe,2020-12-07,90,5996
Buncombe,2020-12-08,63,6059
Buncombe,2020-12-09,96,6155
Buncombe,2020-12-10,141,6296
Buncombe,2020-12-11,113,6409
Buncombe,2020-12-12,132,6541
Buncombe,2020-12-13,115,6656
Buncombe,2020-12-14,41,6697
Buncombe,2020-12-15,71,6768
Burke,2020-03-24,1,1
Burke,2020-03-27,1,2
Burke,2020-03-28,1,3
Burke,2020-03-29,2,5
Burke,2020-03-31,1,6
Burke,2020-04-01,2,8
Burke,2020-04-02,3,11
Burke,2020-04-03,2,13
Burke,2020-04-05,8,21
Burke,2020-04-06,9,30
Burke,2020-04-08,11,41
Burke,2020-04-09,11,52
Burke,2020-04-10,4,56
Burke,2020-04-11,2,58
Burke,2020-04-12,1,59
Burke,2020-04-13,2,61
Burke,2020-04-14,1,62
Burke,2020-04-15,0,62
Burke,2020-04-16,1,63
Burke,2020-04-17,3,66
Burke,2020-04-18,2,68
Burke,2020-04-19,4,72
Burke,2020-04-20,3,75
Burke,2020-04-21,1,76
Burke,2020-04-22,4,80
Burke,2020-04-24,4,84
Burke,2020-04-25,1,85
Burke,2020-04-26,1,86
Burke,2020-04-27,5,91
Burke,2020-04-28,4,95
Burke,2020-04-29,9,104
Burke,2020-04-30,1,105
Burke,2020-05-01,3,108
Burke,2020-05-02,4,112
Burke,2020-05-03,1,113
Burke,2020-05-04,1,114
Burke,2020-05-05,1,115
Burke,2020-05-06,9,124
Burke,2020-05-07,3,127
Burke,2020-05-08,3,130
Burke,2020-05-09,9,139
Burke,2020-05-10,3,142
Burke,2020-05-11,1,143
Burke,2020-05-12,3,146
Burke,2020-05-13,13,159
Burke,2020-05-14,14,173
Burke,2020-05-15,16,189
Burke,2020-05-16,3,192
Burke,2020-05-17,6,198
Burke,2020-05-18,1,199
Burke,2020-05-19,10,209
Burke,2020-05-20,12,221
Burke,2020-05-21,25,246
Burke,2020-05-22,15,261
Burke,2020-05-23,19,280
Burke,2020-05-24,22,302
Burke,2020-05-25,9,311
Burke,2020-05-26,26,337
Burke,2020-05-27,10,347
Burke,2020-05-28,35,382
Burke,2020-05-29,21,403
Burke,2020-05-30,22,425
Burke,2020-05-31,6,431
Burke,2020-06-01,22,453
Burke,2020-06-02,18,471
Burke,2020-06-03,27,498
Burke,2020-06-04,32,530
Burke,2020-06-05,20,550
Burke,2020-06-06,13,563
Burke,2020-06-07,17,580
Burke,2020-06-08,18,598
Burke,2020-06-09,39,637
Burke,2020-06-10,34,671
Burke,2020-06-11,14,685
Burke,2020-06-12,37,722
Burke,2020-06-13,11,733
Burke,2020-06-14,12,745
Burke,2020-06-15,105,850
Burke,2020-06-16,10,860
Burke,2020-06-17,10,870
Burke,2020-06-18,10,880
Burke,2020-06-19,14,894
Burke,2020-06-20,16,910
Burke,2020-06-21,1,911
Burke,2020-06-22,14,925
Burke,2020-06-23,10,935
Burke,2020-06-24,32,967
Burke,2020-06-25,17,984
Burke,2020-06-26,24,1008
Burke,2020-06-27,15,1023
Burke,2020-06-28,4,1027
Burke,2020-06-29,12,1039
Burke,2020-06-30,9,1048
Burke,2020-07-01,17,1065
Burke,2020-07-02,22,1087
Burke,2020-07-03,13,1100
Burke,2020-07-04,5,1105
Burke,2020-07-05,7,1112
Burke,2020-07-06,14,1126
Burke,2020-07-07,4,1130
Burke,2020-07-08,12,1142
Burke,2020-07-09,26,1168
Burke,2020-07-10,12,1180
Burke,2020-07-11,21,1201
Burke,2020-07-12,19,1220
Burke,2020-07-13,15,1235
Burke,2020-07-14,21,1256
Burke,2020-07-15,20,1276
Burke,2020-07-16,13,1289
Burke,2020-07-17,15,1304
Burke,2020-07-18,13,1317
Burke,2020-07-19,8,1325
Burke,2020-07-20,17,1342
Burke,2020-07-21,16,1358
Burke,2020-07-22,24,1382
Burke,2020-07-23,23,1405
Burke,2020-07-24,32,1437
Burke,2020-07-25,22,1459
Burke,2020-07-26,3,1462
Burke,2020-07-27,27,1489
Burke,2020-07-28,16,1505
Burke,2020-07-29,31,1536
Burke,2020-07-30,19,1555
Burke,2020-07-31,12,1567
Burke,2020-08-01,10,1577
Burke,2020-08-02,7,1584
Burke,2020-08-03,23,1607
Burke,2020-08-04,8,1615
Burke,2020-08-05,15,1630
Burke,2020-08-06,16,1646
Burke,2020-08-07,6,1652
Burke,2020-08-08,9,1661
Burke,2020-08-09,4,1665
Burke,2020-08-10,11,1676
Burke,2020-08-11,5,1681
Burke,2020-08-12,8,1689
Burke,2020-08-13,13,1702
Burke,2020-08-14,16,1718
Burke,2020-08-15,12,1730
Burke,2020-08-16,3,1733
Burke,2020-08-17,6,1739
Burke,2020-08-18,9,1748
Burke,2020-08-19,20,1768
Burke,2020-08-20,20,1788
Burke,2020-08-21,8,1796
Burke,2020-08-22,7,1803
Burke,2020-08-23,6,1809
Burke,2020-08-24,9,1818
Burke,2020-08-25,4,1822
Burke,2020-08-26,11,1833
Burke,2020-08-27,6,1839
Burke,2020-08-28,10,1849
Burke,2020-08-29,6,1855
Burke,2020-08-30,5,1860
Burke,2020-08-31,2,1862
Burke,2020-09-01,11,1873
Burke,2020-09-02,21,1894
Burke,2020-09-03,4,1898
Burke,2020-09-04,11,1909
Burke,2020-09-05,9,1918
Burke,2020-09-06,23,1941
Burke,2020-09-07,3,1944
Burke,2020-09-08,2,1946
Burke,2020-09-09,5,1951
Burke,2020-09-10,22,1973
Burke,2020-09-11,5,1978
Burke,2020-09-12,5,1983
Burke,2020-09-13,5,1988
Burke,2020-09-14,9,1997
Burke,2020-09-15,6,2003
Burke,2020-09-16,12,2015
Burke,2020-09-17,16,2031
Burke,2020-09-18,7,2038
Burke,2020-09-19,6,2044
Burke,2020-09-20,3,2047
Burke,2020-09-21,6,2053
Burke,2020-09-22,2,2055
Burke,2020-09-23,12,2067
Burke,2020-09-24,13,2080
Burke,2020-09-25,4,2084
Burke,2020-09-26,10,2094
Burke,2020-09-27,3,2097
Burke,2020-09-28,7,2104
Burke,2020-09-29,10,2114
Burke,2020-09-30,16,2130
Burke,2020-10-01,16,2146
Burke,2020-10-02,26,2172
Burke,2020-10-03,9,2181
Burke,2020-10-04,9,2190
Burke,2020-10-05,5,2195
Burke,2020-10-06,6,2201
Burke,2020-10-07,30,2231
Burke,2020-10-08,11,2242
Burke,2020-10-09,14,2256
Burke,2020-10-10,11,2267
Burke,2020-10-11,4,2271
Burke,2020-10-12,7,2278
Burke,2020-10-13,11,2289
Burke,2020-10-14,24,2313
Burke,2020-10-15,13,2326
Burke,2020-10-16,18,2344
Burke,2020-10-17,15,2359
Burke,2020-10-18,6,2365
Burke,2020-10-19,7,2372
Burke,2020-10-20,15,2387
Burke,2020-10-21,15,2402
Burke,2020-10-22,21,2423
Burke,2020-10-23,15,2438
Burke,2020-10-24,9,2447
Burke,2020-10-25,13,2460
Burke,2020-10-26,2,2462
Burke,2020-10-27,15,2477
Burke,2020-10-28,18,2495
Burke,2020-10-29,12,2507
Burke,2020-10-30,14,2521
Burke,2020-10-31,16,2537
Burke,2020-11-01,6,2543
Burke,2020-11-02,16,2559
Burke,2020-11-03,9,2568
Burke,2020-11-04,19,2587
Burke,2020-11-05,16,2603
Burke,2020-11-06,17,2620
Burke,2020-11-07,13,2633
Burke,2020-11-08,12,2645
Burke,2020-11-09,17,2662
Burke,2020-11-10,17,2679
Burke,2020-11-11,26,2705
Burke,2020-11-12,26,2731
Burke,2020-11-13,28,2759
Burke,2020-11-14,18,2777
Burke,2020-11-15,16,2793
Burke,2020-11-16,26,2819
Burke,2020-11-17,25,2844
Burke,2020-11-18,32,2876
Burke,2020-11-19,37,2913
Burke,2020-11-20,30,2943
Burke,2020-11-21,32,2975
Burke,2020-11-22,18,2993
Burke,2020-11-23,30,3023
Burke,2020-11-24,22,3045
Burke,2020-11-25,48,3093
Burke,2020-11-26,39,3132
Burke,2020-11-27,36,3168
Burke,2020-11-28,37,3205
Burke,2020-11-29,11,3216
Burke,2020-11-30,21,3237
Burke,2020-12-01,33,3270
Burke,2020-12-02,70,3340
Burke,2020-12-03,61,3401
Burke,2020-12-04,54,3455
Burke,2020-12-05,73,3528
Burke,2020-12-06,42,3570
Burke,2020-12-07,57,3627
Burke,2020-12-08,32,3659
Burke,2020-12-09,46,3705
Burke,2020-12-10,66,3771
Burke,2020-12-11,55,3826
Burke,2020-12-12,44,3870
Burke,2020-12-13,38,3908
Burke,2020-12-14,29,3937
Burke,2020-12-15,16,3953
Cabarrus,2020-03-13,1,1
Cabarrus,2020-03-19,1,2
Cabarrus,2020-03-20,2,4
Cabarrus,2020-03-21,2,6
Cabarrus,2020-03-22,1,7
Cabarrus,2020-03-23,1,8
Cabarrus,2020-03-24,3,11
Cabarrus,2020-03-25,4,15
Cabarrus,2020-03-26,5,20
Cabarrus,2020-03-27,4,24
Cabarrus,2020-03-28,5,29
Cabarrus,2020-03-29,3,32
Cabarrus,2020-03-30,9,41
Cabarrus,2020-03-31,4,45
Cabarrus,2020-04-01,1,46
Cabarrus,2020-04-02,5,51
Cabarrus,2020-04-03,7,58
Cabarrus,2020-04-04,8,66
Cabarrus,2020-04-05,7,73
Cabarrus,2020-04-06,4,77
Cabarrus,2020-04-07,4,81
Cabarrus,2020-04-08,4,85
Cabarrus,2020-04-09,1,86
Cabarrus,2020-04-10,11,97
Cabarrus,2020-04-11,22,119
Cabarrus,2020-04-12,53,172
Cabarrus,2020-04-13,5,177
Cabarrus,2020-04-14,7,184
Cabarrus,2020-04-15,7,191
Cabarrus,2020-04-16,4,195
Cabarrus,2020-04-17,8,203
Cabarrus,2020-04-18,6,209
Cabarrus,2020-04-19,2,211
Cabarrus,2020-04-20,5,216
Cabarrus,2020-04-21,9,225
Cabarrus,2020-04-22,3,228
Cabarrus,2020-04-23,15,243
Cabarrus,2020-04-24,9,252
Cabarrus,2020-04-25,5,257
Cabarrus,2020-04-26,6,263
Cabarrus,2020-04-27,3,266
Cabarrus,2020-04-28,26,292
Cabarrus,2020-04-29,7,299
Cabarrus,2020-04-30,8,307
Cabarrus,2020-05-01,1,308
Cabarrus,2020-05-02,8,316
Cabarrus,2020-05-03,2,318
Cabarrus,2020-05-04,1,319
Cabarrus,2020-05-05,3,322
Cabarrus,2020-05-06,8,330
Cabarrus,2020-05-07,6,336
Cabarrus,2020-05-08,2,338
Cabarrus,2020-05-09,6,344
Cabarrus,2020-05-10,6,350
Cabarrus,2020-05-11,4,354
Cabarrus,2020-05-12,3,357
Cabarrus,2020-05-13,3,360
Cabarrus,2020-05-14,6,366
Cabarrus,2020-05-15,5,371
Cabarrus,2020-05-16,3,374
Cabarrus,2020-05-17,12,386
Cabarrus,2020-05-18,2,388
Cabarrus,2020-05-19,5,393
Cabarrus,2020-05-20,8,401
Cabarrus,2020-05-21,19,420
Cabarrus,2020-05-22,5,425
Cabarrus,2020-05-23,7,432
Cabarrus,2020-05-24,12,444
Cabarrus,2020-05-25,4,448
Cabarrus,2020-05-26,1,449
Cabarrus,2020-05-27,3,452
Cabarrus,2020-05-28,7,459
Cabarrus,2020-05-29,15,474
Cabarrus,2020-05-30,16,490
Cabarrus,2020-05-31,11,501
Cabarrus,2020-06-01,1,502
Cabarrus,2020-06-02,7,509
Cabarrus,2020-06-03,9,518
Cabarrus,2020-06-04,19,537
Cabarrus,2020-06-05,30,567
Cabarrus,2020-06-06,8,575
Cabarrus,2020-06-07,22,597
Cabarrus,2020-06-08,20,617
Cabarrus,2020-06-09,7,624
Cabarrus,2020-06-10,26,650
Cabarrus,2020-06-11,18,668
Cabarrus,2020-06-12,32,700
Cabarrus,2020-06-13,19,719
Cabarrus,2020-06-14,20,739
Cabarrus,2020-06-15,8,747
Cabarrus,2020-06-16,18,765
Cabarrus,2020-06-17,24,789
Cabarrus,2020-06-18,30,819
Cabarrus,2020-06-19,29,848
Cabarrus,2020-06-20,24,872
Cabarrus,2020-06-21,22,894
Cabarrus,2020-06-22,8,902
Cabarrus,2020-06-23,27,929
Cabarrus,2020-06-24,29,958
Cabarrus,2020-06-25,41,999
Cabarrus,2020-06-26,48,1047
Cabarrus,2020-06-27,35,1082
Cabarrus,2020-06-28,45,1127
Cabarrus,2020-06-29,22,1149
Cabarrus,2020-06-30,35,1184
Cabarrus,2020-07-01,32,1216
Cabarrus,2020-07-02,43,1259
Cabarrus,2020-07-03,73,1332
Cabarrus,2020-07-04,30,1362
Cabarrus,2020-07-05,28,1390
Cabarrus,2020-07-06,34,1424
Cabarrus,2020-07-07,21,1445
Cabarrus,2020-07-08,35,1480
Cabarrus,2020-07-09,54,1534
Cabarrus,2020-07-10,75,1609
Cabarrus,2020-07-11,51,1660
Cabarrus,2020-07-12,37,1697
Cabarrus,2020-07-13,42,1739
Cabarrus,2020-07-14,41,1780
Cabarrus,2020-07-15,32,1812
Cabarrus,2020-07-16,29,1841
Cabarrus,2020-07-17,85,1926
Cabarrus,2020-07-18,42,1968
Cabarrus,2020-07-19,21,1989
Cabarrus,2020-07-20,21,2010
Cabarrus,2020-07-21,41,2051
Cabarrus,2020-07-22,33,2084
Cabarrus,2020-07-23,41,2125
Cabarrus,2020-07-24,32,2157
Cabarrus,2020-07-25,36,2193
Cabarrus,2020-07-26,24,2217
Cabarrus,2020-07-27,32,2249
Cabarrus,2020-07-28,53,2302
Cabarrus,2020-07-29,55,2357
Cabarrus,2020-07-30,23,2380
Cabarrus,2020-07-31,38,2418
Cabarrus,2020-08-01,35,2453
Cabarrus,2020-08-02,26,2479
Cabarrus,2020-08-03,32,2511
Cabarrus,2020-08-04,24,2535
Cabarrus,2020-08-05,33,2568
Cabarrus,2020-08-06,40,2608
Cabarrus,2020-08-07,49,2657
Cabarrus,2020-08-08,31,2688
Cabarrus,2020-08-09,14,2702
Cabarrus,2020-08-10,31,2733
Cabarrus,2020-08-11,36,2769
Cabarrus,2020-08-12,21,2790
Cabarrus,2020-08-13,30,2820
Cabarrus,2020-08-14,20,2840
Cabarrus,2020-08-15,17,2857
Cabarrus,2020-08-16,18,2875
Cabarrus,2020-08-17,17,2892
Cabarrus,2020-08-18,19,2911
Cabarrus,2020-08-19,29,2940
Cabarrus,2020-08-20,26,2966
Cabarrus,2020-08-21,36,3002
Cabarrus,2020-08-22,30,3032
Cabarrus,2020-08-23,27,3059
Cabarrus,2020-08-24,29,3088
Cabarrus,2020-08-25,13,3101
Cabarrus,2020-08-26,31,3132
Cabarrus,2020-08-27,29,3161
Cabarrus,2020-08-28,39,3200
Cabarrus,2020-08-29,27,3227
Cabarrus,2020-08-30,21,3248
Cabarrus,2020-08-31,24,3272
Cabarrus,2020-09-01,41,3313
Cabarrus,2020-09-02,36,3349
Cabarrus,2020-09-03,43,3392
Cabarrus,2020-09-04,25,3417
Cabarrus,2020-09-05,18,3435
Cabarrus,2020-09-06,20,3455
Cabarrus,2020-09-07,17,3472
Cabarrus,2020-09-08,27,3499
Cabarrus,2020-09-09,22,3521
Cabarrus,2020-09-10,31,3552
Cabarrus,2020-09-11,34,3586
Cabarrus,2020-09-12,23,3609
Cabarrus,2020-09-13,14,3623
Cabarrus,2020-09-14,25,3648
Cabarrus,2020-09-15,24,3672
Cabarrus,2020-09-16,23,3695
Cabarrus,2020-09-17,32,3727
Cabarrus,2020-09-18,24,3751
Cabarrus,2020-09-19,12,3763
Cabarrus,2020-09-20,24,3787
Cabarrus,2020-09-21,39,3826
Cabarrus,2020-09-22,28,3854
Cabarrus,2020-09-23,25,3879
Cabarrus,2020-09-24,46,3925
Cabarrus,2020-09-25,34,3959
Cabarrus,2020-09-26,23,3982
Cabarrus,2020-09-27,19,4001
Cabarrus,2020-09-28,26,4027
Cabarrus,2020-09-29,21,4048
Cabarrus,2020-09-30,38,4086
Cabarrus,2020-10-01,37,4123
Cabarrus,2020-10-02,36,4159
Cabarrus,2020-10-03,19,4178
Cabarrus,2020-10-04,12,4190
Cabarrus,2020-10-05,18,4208
Cabarrus,2020-10-06,16,4224
Cabarrus,2020-10-07,25,4249
Cabarrus,2020-10-08,33,4282
Cabarrus,2020-10-09,26,4308
Cabarrus,2020-10-10,25,4333
Cabarrus,2020-10-11,22,4355
Cabarrus,2020-10-12,36,4391
Cabarrus,2020-10-13,25,4416
Cabarrus,2020-10-14,28,4444
Cabarrus,2020-10-15,44,4488
Cabarrus,2020-10-16,36,4524
Cabarrus,2020-10-17,22,4546
Cabarrus,2020-10-18,23,4569
Cabarrus,2020-10-19,31,4600
Cabarrus,2020-10-20,32,4632
Cabarrus,2020-10-21,26,4658
Cabarrus,2020-10-22,37,4695
Cabarrus,2020-10-23,30,4725
Cabarrus,2020-10-24,35,4760
Cabarrus,2020-10-25,32,4792
Cabarrus,2020-10-26,38,4830
Cabarrus,2020-10-27,55,4885
Cabarrus,2020-10-28,41,4926
Cabarrus,2020-10-29,37,4963
Cabarrus,2020-10-30,52,5015
Cabarrus,2020-10-31,40,5055
Cabarrus,2020-11-01,47,5102
Cabarrus,2020-11-02,37,5139
Cabarrus,2020-11-03,46,5185
Cabarrus,2020-11-04,47,5232
Cabarrus,2020-11-05,38,5270
Cabarrus,2020-11-06,64,5334
Cabarrus,2020-11-07,45,5379
Cabarrus,2020-11-08,43,5422
Cabarrus,2020-11-09,43,5465
Cabarrus,2020-11-10,55,5520
Cabarrus,2020-11-11,74,5594
Cabarrus,2020-11-12,99,5693
Cabarrus,2020-11-13,71,5764
Cabarrus,2020-11-14,54,5818
Cabarrus,2020-11-15,54,5872
Cabarrus,2020-11-16,70,5942
Cabarrus,2020-11-17,63,6005
Cabarrus,2020-11-18,78,6083
Cabarrus,2020-11-19,109,6192
Cabarrus,2020-11-20,82,6274
Cabarrus,2020-11-21,72,6346
Cabarrus,2020-11-22,57,6403
Cabarrus,2020-11-23,80,6483
Cabarrus,2020-11-24,65,6548
Cabarrus,2020-11-25,103,6651
Cabarrus,2020-11-26,84,6735
Cabarrus,2020-11-27,91,6826
Cabarrus,2020-11-28,93,6919
Cabarrus,2020-11-29,58,6977
Cabarrus,2020-11-30,83,7060
Cabarrus,2020-12-01,100,7160
Cabarrus,2020-12-02,98,7258
Cabarrus,2020-12-03,150,7408
Cabarrus,2020-12-04,140,7548
Cabarrus,2020-12-05,151,7699
Cabarrus,2020-12-06,96,7795
Cabarrus,2020-12-07,113,7908
Cabarrus,2020-12-08,120,8028
Cabarrus,2020-12-09,121,8149
Cabarrus,2020-12-10,150,8299
Cabarrus,2020-12-11,140,8439
Cabarrus,2020-12-12,102,8541
Cabarrus,2020-12-13,64,8605
Cabarrus,2020-12-14,141,8746
Cabarrus,2020-12-15,114,8860
Caldwell,2020-03-24,1,1
Caldwell,2020-03-25,2,3
Caldwell,2020-04-03,2,5
Caldwell,2020-04-04,6,11
Caldwell,2020-04-08,1,12
Caldwell,2020-04-09,3,15
Caldwell,2020-04-10,2,17
Caldwell,2020-04-11,1,18
Caldwell,2020-04-12,1,19
Caldwell,2020-04-16,2,21
Caldwell,2020-04-18,1,22
Caldwell,2020-04-19,1,23
Caldwell,2020-04-21,1,24
Caldwell,2020-04-22,2,26
Caldwell,2020-04-23,1,27
Caldwell,2020-04-24,3,30
Caldwell,2020-04-26,1,31
Caldwell,2020-04-27,2,33
Caldwell,2020-04-29,1,34
Caldwell,2020-04-30,1,35
Caldwell,2020-05-02,1,36
Caldwell,2020-05-03,2,38
Caldwell,2020-05-04,6,44
Caldwell,2020-05-06,8,52
Caldwell,2020-05-07,1,53
Caldwell,2020-05-08,3,56
Caldwell,2020-05-09,6,62
Caldwell,2020-05-10,1,63
Caldwell,2020-05-11,2,65
Caldwell,2020-05-12,5,70
Caldwell,2020-05-13,7,77
Caldwell,2020-05-14,7,84
Caldwell,2020-05-15,1,85
Caldwell,2020-05-16,3,88
Caldwell,2020-05-17,1,89
Caldwell,2020-05-18,3,92
Caldwell,2020-05-20,3,95
Caldwell,2020-05-21,4,99
Caldwell,2020-05-22,7,106
Caldwell,2020-05-23,1,107
Caldwell,2020-05-25,1,108
Caldwell,2020-05-26,9,117
Caldwell,2020-05-27,6,123
Caldwell,2020-05-28,5,128
Caldwell,2020-05-29,6,134
Caldwell,2020-05-30,5,139
Caldwell,2020-05-31,19,158
Caldwell,2020-06-01,4,162
Caldwell,2020-06-02,3,165
Caldwell,2020-06-03,10,175
Caldwell,2020-06-04,14,189
Caldwell,2020-06-05,11,200
Caldwell,2020-06-06,5,205
Caldwell,2020-06-07,5,210
Caldwell,2020-06-08,8,218
Caldwell,2020-06-09,5,223
Caldwell,2020-06-10,12,235
Caldwell,2020-06-11,5,240
Caldwell,2020-06-12,3,243
Caldwell,2020-06-13,8,251
Caldwell,2020-06-14,2,253
Caldwell,2020-06-15,5,258
Caldwell,2020-06-16,8,266
Caldwell,2020-06-17,16,282
Caldwell,2020-06-18,17,299
Caldwell,2020-06-19,8,307
Caldwell,2020-06-20,9,316
Caldwell,2020-06-21,2,318
Caldwell,2020-06-22,7,325
Caldwell,2020-06-23,7,332
Caldwell,2020-06-24,7,339
Caldwell,2020-06-25,15,354
Caldwell,2020-06-26,9,363
Caldwell,2020-06-27,41,404
Caldwell,2020-06-28,16,420
Caldwell,2020-06-29,3,423
Caldwell,2020-06-30,19,442
Caldwell,2020-07-01,18,460
Caldwell,2020-07-02,21,481
Caldwell,2020-07-03,15,496
Caldwell,2020-07-04,20,516
Caldwell,2020-07-05,14,530
Caldwell,2020-07-06,15,545
Caldwell,2020-07-07,15,560
Caldwell,2020-07-08,12,572
Caldwell,2020-07-09,14,586
Caldwell,2020-07-10,20,606
Caldwell,2020-07-11,25,631
Caldwell,2020-07-12,27,658
Caldwell,2020-07-13,8,666
Caldwell,2020-07-14,23,689
Caldwell,2020-07-15,21,710
Caldwell,2020-07-16,21,731
Caldwell,2020-07-17,23,754
Caldwell,2020-07-18,23,777
Caldwell,2020-07-19,20,797
Caldwell,2020-07-20,19,816
Caldwell,2020-07-21,22,838
Caldwell,2020-07-22,41,879
Caldwell,2020-07-23,28,907
Caldwell,2020-07-24,32,939
Caldwell,2020-07-25,30,969
Caldwell,2020-07-26,17,986
Caldwell,2020-07-27,31,1017
Caldwell,2020-07-28,11,1028
Caldwell,2020-07-29,38,1066
Caldwell,2020-07-30,22,1088
Caldwell,2020-07-31,23,1111
Caldwell,2020-08-01,17,1128
Caldwell,2020-08-02,21,1149
Caldwell,2020-08-03,10,1159
Caldwell,2020-08-04,2,1161
Caldwell,2020-08-05,26,1187
Caldwell,2020-08-06,16,1203
Caldwell,2020-08-07,16,1219
Caldwell,2020-08-08,5,1224
Caldwell,2020-08-09,3,1227
Caldwell,2020-08-10,13,1240
Caldwell,2020-08-11,5,1245
Caldwell,2020-08-12,13,1258
Caldwell,2020-08-13,4,1262
Caldwell,2020-08-14,13,1275
Caldwell,2020-08-15,17,1292
Caldwell,2020-08-16,10,1302
Caldwell,2020-08-17,10,1312
Caldwell,2020-08-18,5,1317
Caldwell,2020-08-19,28,1345
Caldwell,2020-08-20,16,1361
Caldwell,2020-08-21,8,1369
Caldwell,2020-08-22,8,1377
Caldwell,2020-08-23,3,1380
Caldwell,2020-08-24,6,1386
Caldwell,2020-08-25,7,1393
Caldwell,2020-08-26,15,1408
Caldwell,2020-08-27,8,1416
Caldwell,2020-08-28,4,1420
Caldwell,2020-08-29,9,1429
Caldwell,2020-08-30,5,1434
Caldwell,2020-08-31,2,1436
Caldwell,2020-09-01,2,1438
Caldwell,2020-09-02,13,1451
Caldwell,2020-09-03,6,1457
Caldwell,2020-09-04,16,1473
Caldwell,2020-09-05,5,1478
Caldwell,2020-09-06,9,1487
Caldwell,2020-09-08,1,1488
Caldwell,2020-09-09,3,1491
Caldwell,2020-09-10,15,1506
Caldwell,2020-09-11,12,1518
Caldwell,2020-09-12,2,1520
Caldwell,2020-09-13,5,1525
Caldwell,2020-09-14,4,1529
Caldwell,2020-09-15,2,1531
Caldwell,2020-09-16,16,1547
Caldwell,2020-09-17,8,1555
Caldwell,2020-09-18,3,1558
Caldwell,2020-09-19,9,1567
Caldwell,2020-09-20,8,1575
Caldwell,2020-09-21,5,1580
Caldwell,2020-09-22,2,1582
Caldwell,2020-09-23,21,1603
Caldwell,2020-09-24,8,1611
Caldwell,2020-09-25,7,1618
Caldwell,2020-09-26,10,1628
Caldwell,2020-09-27,7,1635
Caldwell,2020-09-28,8,1643
Caldwell,2020-09-29,2,1645
Caldwell,2020-09-30,30,1675
Caldwell,2020-10-01,11,1686
Caldwell,2020-10-02,39,1725
Caldwell,2020-10-03,25,1750
Caldwell,2020-10-04,24,1774
Caldwell,2020-10-05,9,1783
Caldwell,2020-10-06,14,1797
Caldwell,2020-10-07,32,1829
Caldwell,2020-10-08,31,1860
Caldwell,2020-10-09,25,1885
Caldwell,2020-10-10,30,1915
Caldwell,2020-10-11,23,1938
Caldwell,2020-10-12,12,1950
Caldwell,2020-10-13,12,1962
Caldwell,2020-10-14,43,2005
Caldwell,2020-10-15,36,2041
Caldwell,2020-10-16,42,2083
Caldwell,2020-10-17,24,2107
Caldwell,2020-10-18,20,2127
Caldwell,2020-10-19,19,2146
Caldwell,2020-10-20,22,2168
Caldwell,2020-10-21,58,2226
Caldwell,2020-10-22,24,2250
Caldwell,2020-10-23,52,2302
Caldwell,2020-10-24,13,2315
Caldwell,2020-10-25,38,2353
Caldwell,2020-10-26,36,2389
Caldwell,2020-10-27,14,2403
Caldwell,2020-10-28,54,2457
Caldwell,2020-10-29,31,2488
Caldwell,2020-10-30,36,2524
Caldwell,2020-10-31,31,2555
Caldwell,2020-11-01,18,2573
Caldwell,2020-11-02,36,2609
Caldwell,2020-11-03,12,2621
Caldwell,2020-11-04,34,2655
Caldwell,2020-11-05,14,2669
Caldwell,2020-11-06,24,2693
Caldwell,2020-11-07,22,2715
Caldwell,2020-11-08,10,2725
Caldwell,2020-11-09,17,2742
Caldwell,2020-11-10,11,2753
Caldwell,2020-11-11,23,2776
Caldwell,2020-11-12,30,2806
Caldwell,2020-11-13,25,2831
Caldwell,2020-11-14,23,2854
Caldwell,2020-11-15,17,2871
Caldwell,2020-11-16,43,2914
Caldwell,2020-11-17,21,2935
Caldwell,2020-11-18,41,2976
Caldwell,2020-11-19,38,3014
Caldwell,2020-11-20,20,3034
Caldwell,2020-11-21,23,3057
Caldwell,2020-11-22,20,3077
Caldwell,2020-11-23,38,3115
Caldwell,2020-11-24,24,3139
Caldwell,2020-11-25,45,3184
Caldwell,2020-11-26,52,3236
Caldwell,2020-11-27,30,3266
Caldwell,2020-11-28,45,3311
Caldwell,2020-11-29,23,3334
Caldwell,2020-11-30,22,3356
Caldwell,2020-12-01,26,3382
Caldwell,2020-12-02,28,3410
Caldwell,2020-12-03,71,3481
Caldwell,2020-12-04,56,3537
Caldwell,2020-12-05,74,3611
Caldwell,2020-12-06,63,3674
Caldwell,2020-12-07,50,3724
Caldwell,2020-12-08,41,3765
Caldwell,2020-12-09,78,3843
Caldwell,2020-12-10,83,3926
Caldwell,2020-12-11,97,4023
Caldwell,2020-12-12,88,4111
Caldwell,2020-12-13,25,4136
Caldwell,2020-12-14,31,4167
Caldwell,2020-12-15,15,4182
Camden,2020-04-25,1,1
Camden,2020-04-26,1,2
Camden,2020-05-18,1,3
Camden,2020-06-10,1,4
Camden,2020-06-12,2,6
Camden,2020-06-15,1,7
Camden,2020-06-16,1,8
Camden,2020-06-17,4,12
Camden,2020-06-18,6,18
Camden,2020-06-20,3,21
Camden,2020-06-22,4,25
Camden,2020-06-26,2,27
Camden,2020-06-29,3,30
Camden,2020-06-30,1,31
Camden,2020-07-07,1,32
Camden,2020-07-08,1,33
Camden,2020-07-09,1,34
Camden,2020-07-12,3,37
Camden,2020-07-13,3,40
Camden,2020-07-14,1,41
Camden,2020-07-15,1,42
Camden,2020-07-16,3,45
Camden,2020-07-17,1,46
Camden,2020-07-19,1,47
Camden,2020-07-20,1,48
Camden,2020-07-21,1,49
Camden,2020-07-22,3,52
Camden,2020-07-23,1,53
Camden,2020-07-24,2,55
Camden,2020-07-26,1,56
Camden,2020-07-28,3,59
Camden,2020-07-29,1,60
Camden,2020-07-30,2,62
Camden,2020-07-31,4,66
Camden,2020-08-01,1,67
Camden,2020-08-03,1,68
Camden,2020-08-05,1,69
Camden,2020-08-06,4,73
Camden,2020-08-07,2,75
Camden,2020-08-08,3,78
Camden,2020-08-09,2,80
Camden,2020-08-11,2,82
Camden,2020-08-12,1,83
Camden,2020-08-16,2,85
Camden,2020-08-17,1,86
Camden,2020-08-19,1,87
Camden,2020-08-21,2,89
Camden,2020-08-22,1,90
Camden,2020-08-23,1,91
Camden,2020-08-24,4,95
Camden,2020-08-26,1,96
Camden,2020-08-27,3,99
Camden,2020-08-29,1,100
Camden,2020-09-01,1,101
Camden,2020-09-02,1,102
Camden,2020-09-03,1,103
Camden,2020-09-06,1,104
Camden,2020-09-09,2,106
Camden,2020-09-11,1,107
Camden,2020-09-12,2,109
Camden,2020-09-16,1,110
Camden,2020-09-18,1,111
Camden,2020-09-21,2,113
Camden,2020-09-25,1,114
Camden,2020-09-26,1,115
Camden,2020-10-01,2,117
Camden,2020-10-03,2,119
Camden,2020-10-05,2,121
Camden,2020-10-06,1,122
Camden,2020-10-07,1,123
Camden,2020-10-09,1,124
Camden,2020-10-10,1,125
Camden,2020-10-12,1,126
Camden,2020-10-14,1,127
Camden,2020-10-15,2,129
Camden,2020-10-17,2,131
Camden,2020-10-21,1,132
Camden,2020-10-22,1,133
Camden,2020-10-27,1,134
Camden,2020-10-28,1,135
Camden,2020-10-29,1,136
Camden,2020-10-30,2,138
Camden,2020-10-31,1,139
Camden,2020-11-01,2,141
Camden,2020-11-03,2,143
Camden,2020-11-08,3,146
Camden,2020-11-09,3,149
Camden,2020-11-10,3,152
Camden,2020-11-11,1,153
Camden,2020-11-12,2,155
Camden,2020-11-13,1,156
Camden,2020-11-14,2,158
Camden,2020-11-15,1,159
Camden,2020-11-16,3,162
Camden,2020-11-18,3,165
Camden,2020-11-19,1,166
Camden,2020-11-20,1,167
Camden,2020-11-21,1,168
Camden,2020-11-22,1,169
Camden,2020-11-24,1,170
Camden,2020-11-25,3,173
Camden,2020-11-26,4,177
Camden,2020-11-27,2,179
Camden,2020-11-28,3,182
Camden,2020-11-29,3,185
Camden,2020-11-30,2,187
Camden,2020-12-01,1,188
Camden,2020-12-02,2,190
Camden,2020-12-03,3,193
Camden,2020-12-04,5,198
Camden,2020-12-05,3,201
Camden,2020-12-06,1,202
Camden,2020-12-07,4,206
Camden,2020-12-08,6,212
Camden,2020-12-09,2,214
Camden,2020-12-10,2,216
Camden,2020-12-11,2,218
Camden,2020-12-12,4,222
Camden,2020-12-13,1,223
Camden,2020-12-14,3,226
Carteret,2020-03-20,1,1
Carteret,2020-03-21,1,2
Carteret,2020-03-22,2,4
Carteret,2020-03-27,1,5
Carteret,2020-03-29,1,6
Carteret,2020-03-30,4,10
Carteret,2020-03-31,1,11
Carteret,2020-04-01,2,13
Carteret,2020-04-02,1,14
Carteret,2020-04-03,1,15
Carteret,2020-04-05,2,17
Carteret,2020-04-07,1,18
Carteret,2020-04-09,1,19
Carteret,2020-04-10,1,20
Carteret,2020-04-12,1,21
Carteret,2020-04-17,3,24
Carteret,2020-04-20,1,25
Carteret,2020-04-22,1,26
Carteret,2020-04-27,1,27
Carteret,2020-05-05,1,28
Carteret,2020-05-06,1,29
Carteret,2020-05-08,1,30
Carteret,2020-05-09,1,31
Carteret,2020-05-11,1,32
Carteret,2020-05-12,2,34
Carteret,2020-05-14,1,35
Carteret,2020-05-26,1,36
Carteret,2020-06-02,1,37
Carteret,2020-06-03,2,39
Carteret,2020-06-04,1,40
Carteret,2020-06-06,1,41
Carteret,2020-06-07,1,42
Carteret,2020-06-09,2,44
Carteret,2020-06-11,2,46
Carteret,2020-06-12,2,48
Carteret,2020-06-18,3,51
Carteret,2020-06-21,4,55
Carteret,2020-06-22,1,56
Carteret,2020-06-23,2,58
Carteret,2020-06-24,3,61
Carteret,2020-06-25,5,66
Carteret,2020-06-26,4,70
Carteret,2020-06-27,6,76
Carteret,2020-06-28,7,83
Carteret,2020-06-29,2,85
Carteret,2020-06-30,1,86
Carteret,2020-07-01,5,91
Carteret,2020-07-02,7,98
Carteret,2020-07-03,2,100
Carteret,2020-07-04,5,105
Carteret,2020-07-05,1,106
Carteret,2020-07-06,1,107
Carteret,2020-07-07,3,110
Carteret,2020-07-08,3,113
Carteret,2020-07-09,3,116
Carteret,2020-07-10,9,125
Carteret,2020-07-11,9,134
Carteret,2020-07-12,6,140
Carteret,2020-07-13,10,150
Carteret,2020-07-14,5,155
Carteret,2020-07-15,7,162
Carteret,2020-07-16,3,165
Carteret,2020-07-17,5,170
Carteret,2020-07-18,2,172
Carteret,2020-07-19,2,174
Carteret,2020-07-20,3,177
Carteret,2020-07-21,0,177
Carteret,2020-07-22,3,180
Carteret,2020-07-23,30,210
Carteret,2020-07-24,27,237
Carteret,2020-07-25,25,262
Carteret,2020-07-26,4,266
Carteret,2020-07-27,4,270
Carteret,2020-07-28,1,271
Carteret,2020-07-29,8,279
Carteret,2020-07-30,6,285
Carteret,2020-07-31,4,289
Carteret,2020-08-01,8,297
Carteret,2020-08-02,5,302
Carteret,2020-08-03,9,311
Carteret,2020-08-04,1,312
Carteret,2020-08-05,15,327
Carteret,2020-08-06,5,332
Carteret,2020-08-07,9,341
Carteret,2020-08-08,9,350
Carteret,2020-08-09,4,354
Carteret,2020-08-10,2,356
Carteret,2020-08-11,1,357
Carteret,2020-08-12,12,369
Carteret,2020-08-13,14,383
Carteret,2020-08-14,7,390
Carteret,2020-08-15,4,394
Carteret,2020-08-16,2,396
Carteret,2020-08-17,6,402
Carteret,2020-08-18,1,403
Carteret,2020-08-19,8,411
Carteret,2020-08-20,11,422
Carteret,2020-08-21,7,429
Carteret,2020-08-22,17,446
Carteret,2020-08-23,7,453
Carteret,2020-08-24,7,460
Carteret,2020-08-25,4,464
Carteret,2020-08-26,12,476
Carteret,2020-08-27,10,486
Carteret,2020-08-28,14,500
Carteret,2020-08-29,7,507
Carteret,2020-08-30,5,512
Carteret,2020-08-31,1,513
Carteret,2020-09-01,5,518
Carteret,2020-09-02,13,531
Carteret,2020-09-03,7,538
Carteret,2020-09-04,7,545
Carteret,2020-09-05,12,557
Carteret,2020-09-06,1,558
Carteret,2020-09-07,1,559
Carteret,2020-09-08,4,563
Carteret,2020-09-09,12,575
Carteret,2020-09-10,3,578
Carteret,2020-09-11,1,579
Carteret,2020-09-12,7,586
Carteret,2020-09-13,2,588
Carteret,2020-09-14,5,593
Carteret,2020-09-15,4,597
Carteret,2020-09-16,9,606
Carteret,2020-09-17,4,610
Carteret,2020-09-18,3,613
Carteret,2020-09-19,2,615
Carteret,2020-09-20,5,620
Carteret,2020-09-21,4,624
Carteret,2020-09-22,2,626
Carteret,2020-09-23,11,637
Carteret,2020-09-24,12,649
Carteret,2020-09-25,11,660
Carteret,2020-09-26,7,667
Carteret,2020-09-27,8,675
Carteret,2020-09-28,6,681
Carteret,2020-09-29,2,683
Carteret,2020-09-30,20,703
Carteret,2020-10-01,14,717
Carteret,2020-10-02,9,726
Carteret,2020-10-03,5,731
Carteret,2020-10-04,21,752
Carteret,2020-10-05,7,759
Carteret,2020-10-06,10,769
Carteret,2020-10-07,26,795
Carteret,2020-10-08,13,808
Carteret,2020-10-09,23,831
Carteret,2020-10-10,23,854
Carteret,2020-10-11,9,863
Carteret,2020-10-12,9,872
Carteret,2020-10-13,7,879
Carteret,2020-10-14,13,892
Carteret,2020-10-15,20,912
Carteret,2020-10-16,13,925
Carteret,2020-10-17,11,936
Carteret,2020-10-18,7,943
Carteret,2020-10-19,7,950
Carteret,2020-10-20,12,962
Carteret,2020-10-21,11,973
Carteret,2020-10-22,15,988
Carteret,2020-10-23,6,994
Carteret,2020-10-24,2,996
Carteret,2020-10-25,11,1007
Carteret,2020-10-26,8,1015
Carteret,2020-10-27,8,1023
Carteret,2020-10-28,27,1050
Carteret,2020-10-29,10,1060
Carteret,2020-10-30,18,1078
Carteret,2020-10-31,20,1098
Carteret,2020-11-01,4,1102
Carteret,2020-11-02,14,1116
Carteret,2020-11-03,12,1128
Carteret,2020-11-04,22,1150
Carteret,2020-11-05,17,1167
Carteret,2020-11-06,18,1185
Carteret,2020-11-07,6,1191
Carteret,2020-11-08,8,1199
Carteret,2020-11-09,11,1210
Carteret,2020-11-10,6,1216
Carteret,2020-11-11,9,1225
Carteret,2020-11-12,3,1228
Carteret,2020-11-13,12,1240
Carteret,2020-11-14,9,1249
Carteret,2020-11-15,11,1260
Carteret,2020-11-16,9,1269
Carteret,2020-11-17,17,1286
Carteret,2020-11-18,14,1300
Carteret,2020-11-19,10,1310
Carteret,2020-11-20,32,1342
Carteret,2020-11-21,10,1352
Carteret,2020-11-22,11,1363
Carteret,2020-11-23,6,1369
Carteret,2020-11-24,20,1389
Carteret,2020-11-25,12,1401
Carteret,2020-11-26,28,1429
Carteret,2020-11-27,12,1441
Carteret,2020-11-28,21,1462
Carteret,2020-11-29,21,1483
Carteret,2020-11-30,12,1495
Carteret,2020-12-01,15,1510
Carteret,2020-12-02,30,1540
Carteret,2020-12-03,17,1557
Carteret,2020-12-04,21,1578
Carteret,2020-12-05,26,1604
Carteret,2020-12-06,17,1621
Carteret,2020-12-07,25,1646
Carteret,2020-12-08,35,1681
Carteret,2020-12-09,28,1709
Carteret,2020-12-10,25,1734
Carteret,2020-12-11,15,1749
Carteret,2020-12-12,15,1764
Carteret,2020-12-13,20,1784
Carteret,2020-12-14,18,1802
Carteret,2020-12-15,10,1812
Caswell,2020-03-27,1,1
Caswell,2020-04-04,1,2
Caswell,2020-04-07,1,3
Caswell,2020-04-13,1,4
Caswell,2020-04-15,1,5
Caswell,2020-04-16,2,7
Caswell,2020-04-19,1,8
Caswell,2020-04-21,1,9
Caswell,2020-04-22,5,14
Caswell,2020-04-24,2,16
Caswell,2020-04-25,1,17
Caswell,2020-04-26,2,19
Caswell,2020-04-27,1,20
Caswell,2020-04-28,1,21
Caswell,2020-04-29,2,23
Caswell,2020-04-30,3,26
Caswell,2020-05-01,3,29
Caswell,2020-05-02,4,33
Caswell,2020-05-03,2,35
Caswell,2020-05-05,1,36
Caswell,2020-05-06,1,37
Caswell,2020-05-07,1,38
Caswell,2020-05-08,1,39
Caswell,2020-05-09,2,41
Caswell,2020-05-10,1,42
Caswell,2020-05-18,2,44
Caswell,2020-05-20,1,45
Caswell,2020-05-21,5,50
Caswell,2020-05-22,1,51
Caswell,2020-05-23,1,52
Caswell,2020-05-24,1,53
Caswell,2020-05-27,1,54
Caswell,2020-05-28,2,56
Caswell,2020-05-29,3,59
Caswell,2020-05-30,2,61
Caswell,2020-05-31,25,86
Caswell,2020-06-01,5,91
Caswell,2020-06-02,1,92
Caswell,2020-06-03,1,93
Caswell,2020-06-04,1,94
Caswell,2020-06-05,1,95
Caswell,2020-06-06,1,96
Caswell,2020-06-08,1,97
Caswell,2020-06-10,2,99
Caswell,2020-06-12,1,100
Caswell,2020-06-13,1,101
Caswell,2020-06-14,3,104
Caswell,2020-06-15,4,108
Caswell,2020-06-16,1,109
Caswell,2020-06-17,2,111
Caswell,2020-06-18,2,113
Caswell,2020-06-19,1,114
Caswell,2020-06-20,3,117
Caswell,2020-06-21,1,118
Caswell,2020-06-22,3,121
Caswell,2020-06-23,2,123
Caswell,2020-06-24,2,125
Caswell,2020-06-25,3,128
Caswell,2020-06-26,6,134
Caswell,2020-06-27,1,135
Caswell,2020-06-30,4,139
Caswell,2020-07-01,2,141
Caswell,2020-07-02,2,143
Caswell,2020-07-04,3,146
Caswell,2020-07-06,1,147
Caswell,2020-07-08,1,148
Caswell,2020-07-10,2,150
Caswell,2020-07-11,1,151
Caswell,2020-07-12,4,155
Caswell,2020-07-13,2,157
Caswell,2020-07-14,1,158
Caswell,2020-07-16,2,160
Caswell,2020-07-17,5,165
Caswell,2020-07-19,1,166
Caswell,2020-07-22,3,169
Caswell,2020-07-23,2,171
Caswell,2020-07-25,1,172
Caswell,2020-07-28,1,173
Caswell,2020-07-29,6,179
Caswell,2020-07-30,3,182
Caswell,2020-08-01,2,184
Caswell,2020-08-02,2,186
Caswell,2020-08-03,2,188
Caswell,2020-08-05,3,191
Caswell,2020-08-06,1,192
Caswell,2020-08-07,4,196
Caswell,2020-08-08,2,198
Caswell,2020-08-09,1,199
Caswell,2020-08-11,1,200
Caswell,2020-08-12,1,201
Caswell,2020-08-13,2,203
Caswell,2020-08-14,2,205
Caswell,2020-08-15,1,206
Caswell,2020-08-16,1,207
Caswell,2020-08-17,1,208
Caswell,2020-08-18,3,211
Caswell,2020-08-19,2,213
Caswell,2020-08-20,4,217
Caswell,2020-08-21,3,220
Caswell,2020-08-22,2,222
Caswell,2020-08-23,2,224
Caswell,2020-08-24,2,226
Caswell,2020-08-25,9,235
Caswell,2020-08-26,2,237
Caswell,2020-08-27,6,243
Caswell,2020-08-28,2,245
Caswell,2020-08-29,1,246
Caswell,2020-08-30,4,250
Caswell,2020-08-31,1,251
Caswell,2020-09-03,3,254
Caswell,2020-09-04,2,256
Caswell,2020-09-05,1,257
Caswell,2020-09-07,1,258
Caswell,2020-09-08,1,259
Caswell,2020-09-09,1,260
Caswell,2020-09-10,1,261
Caswell,2020-09-11,6,267
Caswell,2020-09-12,5,272
Caswell,2020-09-13,2,274
Caswell,2020-09-14,4,278
Caswell,2020-09-15,21,299
Caswell,2020-09-16,4,303
Caswell,2020-09-17,5,308
Caswell,2020-09-18,7,315
Caswell,2020-09-19,3,318
Caswell,2020-09-20,1,319
Caswell,2020-09-21,4,323
Caswell,2020-09-22,4,327
Caswell,2020-09-23,13,340
Caswell,2020-09-24,12,352
Caswell,2020-09-25,5,357
Caswell,2020-09-26,3,360
Caswell,2020-09-27,3,363
Caswell,2020-09-28,3,366
Caswell,2020-09-29,6,372
Caswell,2020-09-30,33,405
Caswell,2020-10-01,23,428
Caswell,2020-10-02,5,433
Caswell,2020-10-03,27,460
Caswell,2020-10-04,4,464
Caswell,2020-10-05,1,465
Caswell,2020-10-06,3,468
Caswell,2020-10-07,8,476
Caswell,2020-10-08,6,482
Caswell,2020-10-09,10,492
Caswell,2020-10-10,10,502
Caswell,2020-10-11,7,509
Caswell,2020-10-12,4,513
Caswell,2020-10-13,14,527
Caswell,2020-10-14,9,536
Caswell,2020-10-15,12,548
Caswell,2020-10-16,4,552
Caswell,2020-10-17,6,558
Caswell,2020-10-18,8,566
Caswell,2020-10-19,5,571
Caswell,2020-10-20,5,576
Caswell,2020-10-21,5,581
Caswell,2020-10-22,11,592
Caswell,2020-10-23,7,599
Caswell,2020-10-24,7,606
Caswell,2020-10-25,5,611
Caswell,2020-10-26,5,616
Caswell,2020-10-27,3,619
Caswell,2020-10-28,5,624
Caswell,2020-10-29,3,627
Caswell,2020-10-30,6,633
Caswell,2020-10-31,4,637
Caswell,2020-11-01,7,644
Caswell,2020-11-02,5,649
Caswell,2020-11-03,2,651
Caswell,2020-11-04,6,657
Caswell,2020-11-05,9,666
Caswell,2020-11-06,1,667
Caswell,2020-11-07,7,674
Caswell,2020-11-08,10,684
Caswell,2020-11-09,2,686
Caswell,2020-11-10,5,691
Caswell,2020-11-11,5,696
Caswell,2020-11-12,7,703
Caswell,2020-11-13,8,711
Caswell,2020-11-14,6,717
Caswell,2020-11-15,1,718
Caswell,2020-11-16,10,728
Caswell,2020-11-17,5,733
Caswell,2020-11-18,13,746
Caswell,2020-11-19,10,756
Caswell,2020-11-20,14,770
Caswell,2020-11-21,6,776
Caswell,2020-11-22,4,780
Caswell,2020-11-23,8,788
Caswell,2020-11-24,7,795
Caswell,2020-11-25,9,804
Caswell,2020-11-26,14,818
Caswell,2020-11-27,2,820
Caswell,2020-11-28,6,826
Caswell,2020-11-29,4,830
Caswell,2020-11-30,5,835
Caswell,2020-12-01,4,839
Caswell,2020-12-02,8,847
Caswell,2020-12-03,12,859
Caswell,2020-12-04,9,868
Caswell,2020-12-05,4,872
Caswell,2020-12-06,1,873
Caswell,2020-12-07,8,881
Caswell,2020-12-08,17,898
Caswell,2020-12-09,15,913
Caswell,2020-12-10,10,923
Caswell,2020-12-11,10,933
Caswell,2020-12-12,12,945
Caswell,2020-12-13,4,949
Caswell,2020-12-14,9,958
Caswell,2020-12-15,5,963
Catawba,2020-03-20,1,1
Catawba,2020-03-23,3,4
Catawba,2020-03-25,1,5
Catawba,2020-03-26,2,7
Catawba,2020-03-27,4,11
Catawba,2020-03-28,3,14
Catawba,2020-03-29,1,15
Catawba,2020-03-31,1,16
Catawba,2020-04-04,5,21
Catawba,2020-04-05,4,25
Catawba,2020-04-07,1,26
Catawba,2020-04-09,4,30
Catawba,2020-04-10,2,32
Catawba,2020-04-11,1,33
Catawba,2020-04-12,2,35
Catawba,2020-04-13,1,36
Catawba,2020-04-14,2,38
Catawba,2020-04-15,2,40
Catawba,2020-04-16,1,41
Catawba,2020-04-20,1,42
Catawba,2020-04-21,1,43
Catawba,2020-04-22,3,46
Catawba,2020-04-23,2,48
Catawba,2020-04-25,4,52
Catawba,2020-04-27,1,53
Catawba,2020-04-28,1,54
Catawba,2020-04-29,1,55
Catawba,2020-04-30,2,57
Catawba,2020-05-01,1,58
Catawba,2020-05-02,1,59
Catawba,2020-05-03,4,63
Catawba,2020-05-05,1,64
Catawba,2020-05-06,3,67
Catawba,2020-05-07,3,70
Catawba,2020-05-08,3,73
Catawba,2020-05-09,5,78
Catawba,2020-05-10,5,83
Catawba,2020-05-11,1,84
Catawba,2020-05-12,2,86
Catawba,2020-05-13,4,90
Catawba,2020-05-14,5,95
Catawba,2020-05-15,2,97
Catawba,2020-05-16,3,100
Catawba,2020-05-17,2,102
Catawba,2020-05-18,4,106
Catawba,2020-05-19,16,122
Catawba,2020-05-20,7,129
Catawba,2020-05-21,5,134
Catawba,2020-05-22,7,141
Catawba,2020-05-23,3,144
Catawba,2020-05-24,1,145
Catawba,2020-05-25,17,162
Catawba,2020-05-26,9,171
Catawba,2020-05-27,8,179
Catawba,2020-05-28,19,198
Catawba,2020-05-29,14,212
Catawba,2020-05-30,7,219
Catawba,2020-05-31,7,226
Catawba,2020-06-01,10,236
Catawba,2020-06-02,14,250
Catawba,2020-06-03,13,263
Catawba,2020-06-04,12,275
Catawba,2020-06-05,15,290
Catawba,2020-06-06,15,305
Catawba,2020-06-07,8,313
Catawba,2020-06-08,9,322
Catawba,2020-06-09,14,336
Catawba,2020-06-10,19,355
Catawba,2020-06-11,22,377
Catawba,2020-06-12,26,403
Catawba,2020-06-13,14,417
Catawba,2020-06-14,22,439
Catawba,2020-06-15,27,466
Catawba,2020-06-16,8,474
Catawba,2020-06-17,24,498
Catawba,2020-06-18,31,529
Catawba,2020-06-19,28,557
Catawba,2020-06-20,17,574
Catawba,2020-06-21,13,587
Catawba,2020-06-22,7,594
Catawba,2020-06-23,27,621
Catawba,2020-06-24,43,664
Catawba,2020-06-25,24,688
Catawba,2020-06-26,29,717
Catawba,2020-06-27,36,753
Catawba,2020-06-28,33,786
Catawba,2020-06-29,21,807
Catawba,2020-06-30,27,834
Catawba,2020-07-01,16,850
Catawba,2020-07-02,63,913
Catawba,2020-07-03,27,940
Catawba,2020-07-04,36,976
Catawba,2020-07-05,38,1014
Catawba,2020-07-06,41,1055
Catawba,2020-07-07,26,1081
Catawba,2020-07-08,22,1103
Catawba,2020-07-09,17,1120
Catawba,2020-07-10,43,1163
Catawba,2020-07-11,43,1206
Catawba,2020-07-12,80,1286
Catawba,2020-07-13,32,1318
Catawba,2020-07-14,42,1360
Catawba,2020-07-15,26,1386
Catawba,2020-07-16,49,1435
Catawba,2020-07-17,35,1470
Catawba,2020-07-18,33,1503
Catawba,2020-07-19,53,1556
Catawba,2020-07-20,32,1588
Catawba,2020-07-21,23,1611
Catawba,2020-07-22,72,1683
Catawba,2020-07-23,29,1712
Catawba,2020-07-24,35,1747
Catawba,2020-07-25,34,1781
Catawba,2020-07-26,10,1791
Catawba,2020-07-27,38,1829
Catawba,2020-07-28,14,1843
Catawba,2020-07-29,27,1870
Catawba,2020-07-30,32,1902
Catawba,2020-07-31,29,1931
Catawba,2020-08-01,19,1950
Catawba,2020-08-02,21,1971
Catawba,2020-08-03,37,2008
Catawba,2020-08-04,20,2028
Catawba,2020-08-05,45,2073
Catawba,2020-08-06,41,2114
Catawba,2020-08-07,29,2143
Catawba,2020-08-08,13,2156
Catawba,2020-08-09,17,2173
Catawba,2020-08-10,23,2196
Catawba,2020-08-11,25,2221
Catawba,2020-08-12,20,2241
Catawba,2020-08-13,29,2270
Catawba,2020-08-14,31,2301
Catawba,2020-08-15,30,2331
Catawba,2020-08-16,17,2348
Catawba,2020-08-17,23,2371
Catawba,2020-08-18,19,2390
Catawba,2020-08-19,30,2420
Catawba,2020-08-20,65,2485
Catawba,2020-08-21,24,2509
Catawba,2020-08-22,20,2529
Catawba,2020-08-23,14,2543
Catawba,2020-08-24,15,2558
Catawba,2020-08-25,5,2563
Catawba,2020-08-26,24,2587
Catawba,2020-08-27,27,2614
Catawba,2020-08-28,15,2629
Catawba,2020-08-29,11,2640
Catawba,2020-08-30,21,2661
Catawba,2020-08-31,5,2666
Catawba,2020-09-01,8,2674
Catawba,2020-09-02,16,2690
Catawba,2020-09-03,19,2709
Catawba,2020-09-04,9,2718
Catawba,2020-09-05,14,2732
Catawba,2020-09-06,10,2742
Catawba,2020-09-07,5,2747
Catawba,2020-09-08,13,2760
Catawba,2020-09-09,13,2773
Catawba,2020-09-10,25,2798
Catawba,2020-09-11,23,2821
Catawba,2020-09-12,16,2837
Catawba,2020-09-13,13,2850
Catawba,2020-09-14,16,2866
Catawba,2020-09-15,32,2898
Catawba,2020-09-16,11,2909
Catawba,2020-09-17,41,2950
Catawba,2020-09-18,19,2969
Catawba,2020-09-19,18,2987
Catawba,2020-09-20,16,3003
Catawba,2020-09-21,22,3025
Catawba,2020-09-22,6,3031
Catawba,2020-09-23,17,3048
Catawba,2020-09-24,34,3082
Catawba,2020-09-25,21,3103
Catawba,2020-09-26,18,3121
Catawba,2020-09-27,14,3135
Catawba,2020-09-28,20,3155
Catawba,2020-09-29,19,3174
Catawba,2020-09-30,34,3208
Catawba,2020-10-01,48,3256
Catawba,2020-10-02,29,3285
Catawba,2020-10-03,26,3311
Catawba,2020-10-04,37,3348
Catawba,2020-10-05,16,3364
Catawba,2020-10-06,23,3387
Catawba,2020-10-07,33,3420
Catawba,2020-10-08,46,3466
Catawba,2020-10-09,29,3495
Catawba,2020-10-10,33,3528
Catawba,2020-10-11,44,3572
Catawba,2020-10-12,28,3600
Catawba,2020-10-13,51,3651
Catawba,2020-10-14,59,3710
Catawba,2020-10-15,83,3793
Catawba,2020-10-16,37,3830
Catawba,2020-10-17,24,3854
Catawba,2020-10-18,32,3886
Catawba,2020-10-19,44,3930
Catawba,2020-10-20,44,3974
Catawba,2020-10-21,45,4019
Catawba,2020-10-22,86,4105
Catawba,2020-10-23,36,4141
Catawba,2020-10-24,32,4173
Catawba,2020-10-25,38,4211
Catawba,2020-10-26,58,4269
Catawba,2020-10-27,63,4332
Catawba,2020-10-28,47,4379
Catawba,2020-10-29,72,4451
Catawba,2020-10-30,62,4513
Catawba,2020-10-31,39,4552
Catawba,2020-11-01,37,4589
Catawba,2020-11-02,97,4686
Catawba,2020-11-03,35,4721
Catawba,2020-11-04,69,4790
Catawba,2020-11-05,74,4864
Catawba,2020-11-06,55,4919
Catawba,2020-11-07,50,4969
Catawba,2020-11-08,31,5000
Catawba,2020-11-09,56,5056
Catawba,2020-11-10,57,5113
Catawba,2020-11-11,51,5164
Catawba,2020-11-12,65,5229
Catawba,2020-11-13,71,5300
Catawba,2020-11-14,72,5372
Catawba,2020-11-15,53,5425
Catawba,2020-11-16,94,5519
Catawba,2020-11-17,68,5587
Catawba,2020-11-18,77,5664
Catawba,2020-11-19,99,5763
Catawba,2020-11-20,77,5840
Catawba,2020-11-21,50,5890
Catawba,2020-11-22,55,5945
Catawba,2020-11-23,88,6033
Catawba,2020-11-24,76,6109
Catawba,2020-11-25,76,6185
Catawba,2020-11-26,103,6288
Catawba,2020-11-27,84,6372
Catawba,2020-11-28,93,6465
Catawba,2020-11-29,29,6494
Catawba,2020-11-30,79,6573
Catawba,2020-12-01,82,6655
Catawba,2020-12-02,108,6763
Catawba,2020-12-03,150,6913
Catawba,2020-12-04,109,7022
Catawba,2020-12-05,132,7154
Catawba,2020-12-06,113,7267
Catawba,2020-12-07,146,7413
Catawba,2020-12-08,95,7508
Catawba,2020-12-09,155,7663
Catawba,2020-12-10,168,7831
Catawba,2020-12-11,130,7961
Catawba,2020-12-12,143,8104
Catawba,2020-12-13,89,8193
Catawba,2020-12-14,81,8274
Catawba,2020-12-15,46,8320
Chatham,2020-03-06,1,1
Chatham,2020-03-17,2,3
Chatham,2020-03-20,1,4
Chatham,2020-03-23,3,7
Chatham,2020-03-24,2,9
Chatham,2020-03-25,1,10
Chatham,2020-03-26,2,12
Chatham,2020-03-27,1,13
Chatham,2020-03-30,4,17
Chatham,2020-04-01,1,18
Chatham,2020-04-02,1,19
Chatham,2020-04-03,2,21
Chatham,2020-04-06,3,24
Chatham,2020-04-07,1,25
Chatham,2020-04-08,1,26
Chatham,2020-04-09,3,29
Chatham,2020-04-10,5,34
Chatham,2020-04-11,39,73
Chatham,2020-04-13,2,75
Chatham,2020-04-14,4,79
Chatham,2020-04-15,4,83
Chatham,2020-04-16,12,95
Chatham,2020-04-17,7,102
Chatham,2020-04-18,17,119
Chatham,2020-04-19,10,129
Chatham,2020-04-20,6,135
Chatham,2020-04-21,13,148
Chatham,2020-04-22,47,195
Chatham,2020-04-23,34,229
Chatham,2020-04-24,16,245
Chatham,2020-04-25,34,279
Chatham,2020-04-26,22,301
Chatham,2020-04-27,9,310
Chatham,2020-04-28,4,314
Chatham,2020-04-29,23,337
Chatham,2020-04-30,15,352
Chatham,2020-05-01,17,369
Chatham,2020-05-02,22,391
Chatham,2020-05-03,7,398
Chatham,2020-05-04,8,406
Chatham,2020-05-05,8,414
Chatham,2020-05-06,12,426
Chatham,2020-05-07,15,441
Chatham,2020-05-08,9,450
Chatham,2020-05-09,9,459
Chatham,2020-05-10,3,462
Chatham,2020-05-11,6,468
Chatham,2020-05-12,9,477
Chatham,2020-05-13,15,492
Chatham,2020-05-14,7,499
Chatham,2020-05-15,29,528
Chatham,2020-05-16,3,531
Chatham,2020-05-17,1,532
Chatham,2020-05-18,6,538
Chatham,2020-05-19,5,543
Chatham,2020-05-20,10,553
Chatham,2020-05-21,11,564
Chatham,2020-05-22,9,573
Chatham,2020-05-23,5,578
Chatham,2020-05-24,8,586
Chatham,2020-05-25,4,590
Chatham,2020-05-26,3,593
Chatham,2020-05-27,12,605
Chatham,2020-05-28,10,615
Chatham,2020-05-29,12,627
Chatham,2020-05-30,8,635
Chatham,2020-05-31,3,638
Chatham,2020-06-01,1,639
Chatham,2020-06-02,15,654
Chatham,2020-06-03,47,701
Chatham,2020-06-04,17,718
Chatham,2020-06-05,4,722
Chatham,2020-06-06,4,726
Chatham,2020-06-07,10,736
Chatham,2020-06-08,7,743
Chatham,2020-06-09,10,753
Chatham,2020-06-10,11,764
Chatham,2020-06-11,13,777
Chatham,2020-06-12,14,791
Chatham,2020-06-13,10,801
Chatham,2020-06-14,8,809
Chatham,2020-06-15,5,814
Chatham,2020-06-16,8,822
Chatham,2020-06-17,17,839
Chatham,2020-06-18,11,850
Chatham,2020-06-19,18,868
Chatham,2020-06-20,11,879
Chatham,2020-06-21,6,885
Chatham,2020-06-22,4,889
Chatham,2020-06-23,9,898
Chatham,2020-06-24,10,908
Chatham,2020-06-25,6,914
Chatham,2020-06-26,9,923
Chatham,2020-06-27,14,937
Chatham,2020-06-28,6,943
Chatham,2020-06-29,1,944
Chatham,2020-06-30,9,953
Chatham,2020-07-01,14,967
Chatham,2020-07-02,7,974
Chatham,2020-07-03,5,979
Chatham,2020-07-04,5,984
Chatham,2020-07-05,5,989
Chatham,2020-07-06,1,990
Chatham,2020-07-07,12,1002
Chatham,2020-07-08,10,1012
Chatham,2020-07-09,19,1031
Chatham,2020-07-10,12,1043
Chatham,2020-07-11,9,1052
Chatham,2020-07-12,8,1060
Chatham,2020-07-13,4,1064
Chatham,2020-07-14,9,1073
Chatham,2020-07-15,5,1078
Chatham,2020-07-16,13,1091
Chatham,2020-07-17,8,1099
Chatham,2020-07-18,8,1107
Chatham,2020-07-19,4,1111
Chatham,2020-07-20,3,1114
Chatham,2020-07-21,4,1118
Chatham,2020-07-22,18,1136
Chatham,2020-07-23,13,1149
Chatham,2020-07-24,10,1159
Chatham,2020-07-25,15,1174
Chatham,2020-07-26,6,1180
Chatham,2020-07-27,5,1185
Chatham,2020-07-28,7,1192
Chatham,2020-07-29,8,1200
Chatham,2020-07-30,12,1212
Chatham,2020-07-31,12,1224
Chatham,2020-08-01,9,1233
Chatham,2020-08-02,9,1242
Chatham,2020-08-03,9,1251
Chatham,2020-08-04,10,1261
Chatham,2020-08-05,16,1277
Chatham,2020-08-06,7,1284
Chatham,2020-08-07,7,1291
Chatham,2020-08-08,7,1298
Chatham,2020-08-10,2,1300
Chatham,2020-08-11,10,1310
Chatham,2020-08-12,12,1322
Chatham,2020-08-13,7,1329
Chatham,2020-08-14,20,1349
Chatham,2020-08-15,11,1360
Chatham,2020-08-16,2,1362
Chatham,2020-08-17,6,1368
Chatham,2020-08-18,7,1375
Chatham,2020-08-19,16,1391
Chatham,2020-08-20,15,1406
Chatham,2020-08-21,11,1417
Chatham,2020-08-22,18,1435
Chatham,2020-08-23,4,1439
Chatham,2020-08-24,3,1442
Chatham,2020-08-25,8,1450
Chatham,2020-08-26,6,1456
Chatham,2020-08-27,12,1468
Chatham,2020-08-28,10,1478
Chatham,2020-08-29,10,1488
Chatham,2020-08-30,4,1492
Chatham,2020-08-31,12,1504
Chatham,2020-09-01,8,1512
Chatham,2020-09-02,10,1522
Chatham,2020-09-03,12,1534
Chatham,2020-09-04,9,1543
Chatham,2020-09-05,2,1545
Chatham,2020-09-06,2,1547
Chatham,2020-09-07,1,1548
Chatham,2020-09-08,10,1558
Chatham,2020-09-09,5,1563
Chatham,2020-09-10,3,1566
Chatham,2020-09-11,4,1570
Chatham,2020-09-12,4,1574
Chatham,2020-09-13,4,1578
Chatham,2020-09-14,5,1583
Chatham,2020-09-15,1,1584
Chatham,2020-09-16,5,1589
Chatham,2020-09-17,4,1593
Chatham,2020-09-18,9,1602
Chatham,2020-09-19,5,1607
Chatham,2020-09-20,6,1613
Chatham,2020-09-21,8,1621
Chatham,2020-09-22,9,1630
Chatham,2020-09-23,13,1643
Chatham,2020-09-24,7,1650
Chatham,2020-09-25,13,1663
Chatham,2020-09-26,6,1669
Chatham,2020-09-27,8,1677
Chatham,2020-09-28,4,1681
Chatham,2020-09-29,9,1690
Chatham,2020-09-30,4,1694
Chatham,2020-10-01,12,1706
Chatham,2020-10-02,13,1719
Chatham,2020-10-03,2,1721
Chatham,2020-10-04,10,1731
Chatham,2020-10-05,8,1739
Chatham,2020-10-06,6,1745
Chatham,2020-10-07,6,1751
Chatham,2020-10-08,11,1762
Chatham,2020-10-09,13,1775
Chatham,2020-10-10,8,1783
Chatham,2020-10-11,7,1790
Chatham,2020-10-12,3,1793
Chatham,2020-10-13,14,1807
Chatham,2020-10-14,4,1811
Chatham,2020-10-15,7,1818
Chatham,2020-10-16,6,1824
Chatham,2020-10-17,9,1833
Chatham,2020-10-18,3,1836
Chatham,2020-10-19,3,1839
Chatham,2020-10-20,9,1848
Chatham,2020-10-21,15,1863
Chatham,2020-10-22,13,1876
Chatham,2020-10-23,9,1885
Chatham,2020-10-24,3,1888
Chatham,2020-10-25,1,1889
Chatham,2020-10-26,7,1896
Chatham,2020-10-27,10,1906
Chatham,2020-10-28,15,1921
Chatham,2020-10-29,13,1934
Chatham,2020-10-30,7,1941
Chatham,2020-10-31,7,1948
Chatham,2020-11-01,4,1952
Chatham,2020-11-02,10,1962
Chatham,2020-11-03,18,1980
Chatham,2020-11-04,12,1992
Chatham,2020-11-05,26,2018
Chatham,2020-11-06,6,2024
Chatham,2020-11-07,18,2042
Chatham,2020-11-08,3,2045
Chatham,2020-11-09,5,2050
Chatham,2020-11-10,20,2070
Chatham,2020-11-11,19,2089
Chatham,2020-11-12,16,2105
Chatham,2020-11-13,14,2119
Chatham,2020-11-14,20,2139
Chatham,2020-11-15,6,2145
Chatham,2020-11-16,10,2155
Chatham,2020-11-17,16,2171
Chatham,2020-11-18,25,2196
Chatham,2020-11-19,14,2210
Chatham,2020-11-20,9,2219
Chatham,2020-11-21,9,2228
Chatham,2020-11-22,11,2239
Chatham,2020-11-23,9,2248
Chatham,2020-11-24,14,2262
Chatham,2020-11-25,18,2280
Chatham,2020-11-26,13,2293
Chatham,2020-11-27,10,2303
Chatham,2020-11-28,6,2309
Chatham,2020-11-29,8,2317
Chatham,2020-11-30,12,2329
Chatham,2020-12-01,16,2345
Chatham,2020-12-02,16,2361
Chatham,2020-12-03,25,2386
Chatham,2020-12-04,9,2395
Chatham,2020-12-05,8,2403
Chatham,2020-12-06,10,2413
Chatham,2020-12-07,11,2424
Chatham,2020-12-08,12,2436
Chatham,2020-12-09,19,2455
Chatham,2020-12-10,30,2485
Chatham,2020-12-11,20,2505
Chatham,2020-12-12,18,2523
Chatham,2020-12-13,10,2533
Chatham,2020-12-14,9,2542
Chatham,2020-12-15,6,2548
Cherokee,2020-03-20,3,3
Cherokee,2020-03-27,1,4
Cherokee,2020-03-29,2,6
Cherokee,2020-03-31,1,7
Cherokee,2020-04-02,1,8
Cherokee,2020-04-06,1,9
Cherokee,2020-04-11,1,10
Cherokee,2020-04-12,2,12
Cherokee,2020-04-15,1,13
Cherokee,2020-04-16,1,14
Cherokee,2020-04-18,1,15
Cherokee,2020-04-20,2,17
Cherokee,2020-04-24,1,18
Cherokee,2020-04-26,1,19
Cherokee,2020-04-29,1,20
Cherokee,2020-05-02,4,24
Cherokee,2020-05-13,1,25
Cherokee,2020-05-18,2,27
Cherokee,2020-06-01,1,28
Cherokee,2020-06-04,1,29
Cherokee,2020-06-08,1,30
Cherokee,2020-06-17,1,31
Cherokee,2020-06-18,1,32
Cherokee,2020-06-22,1,33
Cherokee,2020-06-23,1,34
Cherokee,2020-06-24,1,35
Cherokee,2020-06-25,1,36
Cherokee,2020-06-29,7,43
Cherokee,2020-06-30,2,45
Cherokee,2020-07-01,1,46
Cherokee,2020-07-03,1,47
Cherokee,2020-07-05,3,50
Cherokee,2020-07-06,1,51
Cherokee,2020-07-07,4,55
Cherokee,2020-07-08,1,56
Cherokee,2020-07-09,4,60
Cherokee,2020-07-10,2,62
Cherokee,2020-07-11,9,71
Cherokee,2020-07-12,20,91
Cherokee,2020-07-13,7,98
Cherokee,2020-07-14,7,105
Cherokee,2020-07-15,10,115
Cherokee,2020-07-16,4,119
Cherokee,2020-07-17,7,126
Cherokee,2020-07-18,4,130
Cherokee,2020-07-19,13,143
Cherokee,2020-07-20,13,156
Cherokee,2020-07-21,8,164
Cherokee,2020-07-22,10,174
Cherokee,2020-07-23,12,186
Cherokee,2020-07-24,16,202
Cherokee,2020-07-25,17,219
Cherokee,2020-07-26,6,225
Cherokee,2020-07-27,4,229
Cherokee,2020-07-28,5,234
Cherokee,2020-07-29,6,240
Cherokee,2020-07-30,8,248
Cherokee,2020-07-31,6,254
Cherokee,2020-08-01,1,255
Cherokee,2020-08-02,3,258
Cherokee,2020-08-03,10,268
Cherokee,2020-08-05,2,270
Cherokee,2020-08-06,12,282
Cherokee,2020-08-07,1,283
Cherokee,2020-08-08,5,288
Cherokee,2020-08-09,3,291
Cherokee,2020-08-10,3,294
Cherokee,2020-08-11,1,295
Cherokee,2020-08-12,12,307
Cherokee,2020-08-13,2,309
Cherokee,2020-08-14,5,314
Cherokee,2020-08-15,7,321
Cherokee,2020-08-16,8,329
Cherokee,2020-08-17,5,334
Cherokee,2020-08-18,5,339
Cherokee,2020-08-19,20,359
Cherokee,2020-08-20,5,364
Cherokee,2020-08-21,10,374
Cherokee,2020-08-22,6,380
Cherokee,2020-08-23,6,386
Cherokee,2020-08-24,3,389
Cherokee,2020-08-25,3,392
Cherokee,2020-08-26,5,397
Cherokee,2020-08-27,15,412
Cherokee,2020-08-28,10,422
Cherokee,2020-08-29,11,433
Cherokee,2020-08-30,14,447
Cherokee,2020-08-31,3,450
Cherokee,2020-09-01,6,456
Cherokee,2020-09-02,22,478
Cherokee,2020-09-03,9,487
Cherokee,2020-09-04,10,497
Cherokee,2020-09-05,12,509
Cherokee,2020-09-06,4,513
Cherokee,2020-09-08,1,514
Cherokee,2020-09-09,4,518
Cherokee,2020-09-10,8,526
Cherokee,2020-09-11,10,536
Cherokee,2020-09-12,8,544
Cherokee,2020-09-13,4,548
Cherokee,2020-09-14,11,559
Cherokee,2020-09-15,3,562
Cherokee,2020-09-16,5,567
Cherokee,2020-09-17,7,574
Cherokee,2020-09-18,8,582
Cherokee,2020-09-19,4,586
Cherokee,2020-09-20,4,590
Cherokee,2020-09-21,7,597
Cherokee,2020-09-22,2,599
Cherokee,2020-09-23,11,610
Cherokee,2020-09-24,9,619
Cherokee,2020-09-25,10,629
Cherokee,2020-09-26,4,633
Cherokee,2020-09-27,1,634
Cherokee,2020-09-28,9,643
Cherokee,2020-09-29,3,646
Cherokee,2020-09-30,4,650
Cherokee,2020-10-01,6,656
Cherokee,2020-10-02,7,663
Cherokee,2020-10-03,2,665
Cherokee,2020-10-04,4,669
Cherokee,2020-10-05,2,671
Cherokee,2020-10-06,1,672
Cherokee,2020-10-07,5,677
Cherokee,2020-10-08,12,689
Cherokee,2020-10-09,3,692
Cherokee,2020-10-10,0,692
Cherokee,2020-10-11,6,698
Cherokee,2020-10-12,3,701
Cherokee,2020-10-13,1,702
Cherokee,2020-10-14,4,706
Cherokee,2020-10-15,6,712
Cherokee,2020-10-16,5,717
Cherokee,2020-10-17,2,719
Cherokee,2020-10-18,5,724
Cherokee,2020-10-19,3,727
Cherokee,2020-10-20,2,729
Cherokee,2020-10-21,9,738
Cherokee,2020-10-22,6,744
Cherokee,2020-10-23,5,749
Cherokee,2020-10-24,2,751
Cherokee,2020-10-26,3,754
Cherokee,2020-10-27,0,754
Cherokee,2020-10-28,6,760
Cherokee,2020-10-29,3,763
Cherokee,2020-10-30,4,767
Cherokee,2020-10-31,1,768
Cherokee,2020-11-01,3,771
Cherokee,2020-11-02,8,779
Cherokee,2020-11-03,1,780
Cherokee,2020-11-04,9,789
Cherokee,2020-11-05,8,797
Cherokee,2020-11-06,3,800
Cherokee,2020-11-07,0,800
Cherokee,2020-11-08,0,800
Cherokee,2020-11-09,8,808
Cherokee,2020-11-10,1,809
Cherokee,2020-11-11,2,811
Cherokee,2020-11-12,5,816
Cherokee,2020-11-13,8,824
Cherokee,2020-11-14,6,830
Cherokee,2020-11-15,7,837
Cherokee,2020-11-16,3,840
Cherokee,2020-11-17,7,847
Cherokee,2020-11-18,9,856
Cherokee,2020-11-19,11,867
Cherokee,2020-11-20,2,869
Cherokee,2020-11-21,4,873
Cherokee,2020-11-22,3,876
Cherokee,2020-11-23,4,880
Cherokee,2020-11-25,4,884
Cherokee,2020-11-26,9,893
Cherokee,2020-11-27,2,895
Cherokee,2020-11-28,9,904
Cherokee,2020-11-29,2,906
Cherokee,2020-11-30,8,914
Cherokee,2020-12-01,1,915
Cherokee,2020-12-02,6,921
Cherokee,2020-12-03,14,935
Cherokee,2020-12-04,12,947
Cherokee,2020-12-05,4,951
Cherokee,2020-12-06,7,958
Cherokee,2020-12-07,6,964
Cherokee,2020-12-08,2,966
Cherokee,2020-12-09,6,972
Cherokee,2020-12-10,19,991
Cherokee,2020-12-11,12,1003
Cherokee,2020-12-12,5,1008
Cherokee,2020-12-13,10,1018
Cherokee,2020-12-14,1,1019
Cherokee,2020-12-15,1,1020
Chowan,2020-04-01,1,1
Chowan,2020-04-10,1,2
Chowan,2020-04-13,1,3
Chowan,2020-04-14,1,4
Chowan,2020-04-16,1,5
Chowan,2020-05-05,1,6
Chowan,2020-05-07,2,8
Chowan,2020-05-08,1,9
Chowan,2020-05-10,1,10
Chowan,2020-05-12,1,11
Chowan,2020-05-16,1,12
Chowan,2020-05-18,1,13
Chowan,2020-05-23,1,14
Chowan,2020-05-26,1,15
Chowan,2020-05-28,1,16
Chowan,2020-06-08,1,17
Chowan,2020-06-09,1,18
Chowan,2020-06-25,3,21
Chowan,2020-06-27,2,23
Chowan,2020-06-30,1,24
Chowan,2020-07-01,1,25
Chowan,2020-07-02,1,26
Chowan,2020-07-04,2,28
Chowan,2020-07-06,2,30
Chowan,2020-07-08,3,33
Chowan,2020-07-09,1,34
Chowan,2020-07-10,1,35
Chowan,2020-07-11,1,36
Chowan,2020-07-13,2,38
Chowan,2020-07-14,2,40
Chowan,2020-07-15,3,43
Chowan,2020-07-16,3,46
Chowan,2020-07-17,3,49
Chowan,2020-07-18,5,54
Chowan,2020-07-19,6,60
Chowan,2020-07-20,4,64
Chowan,2020-07-21,4,68
Chowan,2020-07-22,5,73
Chowan,2020-07-23,14,87
Chowan,2020-07-24,5,92
Chowan,2020-07-25,8,100
Chowan,2020-07-26,3,103
Chowan,2020-07-27,4,107
Chowan,2020-07-28,1,108
Chowan,2020-07-29,5,113
Chowan,2020-07-30,10,123
Chowan,2020-07-31,12,135
Chowan,2020-08-01,3,138
Chowan,2020-08-02,3,141
Chowan,2020-08-03,2,143
Chowan,2020-08-05,5,148
Chowan,2020-08-06,4,152
Chowan,2020-08-07,2,154
Chowan,2020-08-08,1,155
Chowan,2020-08-09,1,156
Chowan,2020-08-12,4,160
Chowan,2020-08-13,2,162
Chowan,2020-08-14,1,163
Chowan,2020-08-15,2,165
Chowan,2020-08-16,1,166
Chowan,2020-08-18,1,167
Chowan,2020-08-19,5,172
Chowan,2020-08-20,2,174
Chowan,2020-08-21,3,177
Chowan,2020-08-22,4,181
Chowan,2020-08-23,2,183
Chowan,2020-08-24,5,188
Chowan,2020-08-25,2,190
Chowan,2020-08-26,6,196
Chowan,2020-08-27,7,203
Chowan,2020-08-28,5,208
Chowan,2020-08-29,6,214
Chowan,2020-08-31,6,220
Chowan,2020-09-01,4,224
Chowan,2020-09-02,3,227
Chowan,2020-09-03,11,238
Chowan,2020-09-04,4,242
Chowan,2020-09-05,2,244
Chowan,2020-09-06,2,246
Chowan,2020-09-07,2,248
Chowan,2020-09-08,4,252
Chowan,2020-09-09,6,258
Chowan,2020-09-10,4,262
Chowan,2020-09-11,4,266
Chowan,2020-09-12,7,273
Chowan,2020-09-13,3,276
Chowan,2020-09-14,3,279
Chowan,2020-09-15,6,285
Chowan,2020-09-16,9,294
Chowan,2020-09-17,5,299
Chowan,2020-09-18,7,306
Chowan,2020-09-19,2,308
Chowan,2020-09-21,3,311
Chowan,2020-09-22,6,317
Chowan,2020-09-23,22,339
Chowan,2020-09-24,5,344
Chowan,2020-09-25,5,349
Chowan,2020-09-26,5,354
Chowan,2020-09-27,3,357
Chowan,2020-09-28,5,362
Chowan,2020-09-29,7,369
Chowan,2020-09-30,10,379
Chowan,2020-10-01,9,388
Chowan,2020-10-02,8,396
Chowan,2020-10-04,3,399
Chowan,2020-10-05,7,406
Chowan,2020-10-06,11,417
Chowan,2020-10-07,21,438
Chowan,2020-10-08,11,449
Chowan,2020-10-09,6,455
Chowan,2020-10-10,3,458
Chowan,2020-10-12,4,462
Chowan,2020-10-13,4,466
Chowan,2020-10-14,6,472
Chowan,2020-10-15,1,473
Chowan,2020-10-16,4,477
Chowan,2020-10-17,2,479
Chowan,2020-10-18,2,481
Chowan,2020-10-19,2,483
Chowan,2020-10-20,2,485
Chowan,2020-10-21,2,487
Chowan,2020-10-22,4,491
Chowan,2020-10-23,11,502
Chowan,2020-10-24,16,518
Chowan,2020-10-25,2,520
Chowan,2020-10-26,1,521
Chowan,2020-10-27,3,524
Chowan,2020-10-28,2,526
Chowan,2020-10-30,2,528
Chowan,2020-10-31,2,530
Chowan,2020-11-01,3,533
Chowan,2020-11-02,4,537
Chowan,2020-11-05,2,539
Chowan,2020-11-07,3,542
Chowan,2020-11-09,2,544
Chowan,2020-11-11,5,549
Chowan,2020-11-12,5,554
Chowan,2020-11-13,6,560
Chowan,2020-11-14,2,562
Chowan,2020-11-15,1,563
Chowan,2020-11-16,3,566
Chowan,2020-11-17,1,567
Chowan,2020-11-18,3,570
Chowan,2020-11-19,5,575
Chowan,2020-11-20,2,577
Chowan,2020-11-21,2,579
Chowan,2020-11-22,4,583
Chowan,2020-11-24,6,589
Chowan,2020-11-25,19,608
Chowan,2020-11-26,8,616
Chowan,2020-11-27,8,624
Chowan,2020-11-28,6,630
Chowan,2020-11-29,5,635
Chowan,2020-11-30,4,639
Chowan,2020-12-01,9,648
Chowan,2020-12-02,12,660
Chowan,2020-12-03,5,665
Chowan,2020-12-04,6,671
Chowan,2020-12-05,3,674
Chowan,2020-12-06,1,675
Chowan,2020-12-07,4,679
Chowan,2020-12-08,6,685
Chowan,2020-12-09,8,693
Chowan,2020-12-10,4,697
Chowan,2020-12-11,9,706
Chowan,2020-12-12,6,712
Chowan,2020-12-13,5,717
Chowan,2020-12-14,6,723
Chowan,2020-12-15,9,732
Clay,2020-03-30,1,1
Clay,2020-03-31,2,3
Clay,2020-04-08,1,4
Clay,2020-04-15,1,5
Clay,2020-04-20,1,6
Clay,2020-04-28,1,7
Clay,2020-06-07,1,8
Clay,2020-06-08,1,9
Clay,2020-06-11,1,10
Clay,2020-06-29,1,11
Clay,2020-07-02,1,12
Clay,2020-07-06,1,13
Clay,2020-07-07,1,14
Clay,2020-07-08,2,16
Clay,2020-07-10,1,17
Clay,2020-07-12,3,20
Clay,2020-07-13,1,21
Clay,2020-07-14,2,23
Clay,2020-07-15,3,26
Clay,2020-07-16,2,28
Clay,2020-07-17,2,30
Clay,2020-07-18,2,32
Clay,2020-07-19,3,35
Clay,2020-07-20,4,39
Clay,2020-07-21,3,42
Clay,2020-07-22,2,44
Clay,2020-07-23,1,45
Clay,2020-07-24,8,53
Clay,2020-07-25,3,56
Clay,2020-07-27,2,58
Clay,2020-07-29,3,61
Clay,2020-07-30,2,63
Clay,2020-07-31,2,65
Clay,2020-08-03,1,66
Clay,2020-08-04,2,68
Clay,2020-08-05,5,73
Clay,2020-08-06,1,74
Clay,2020-08-07,1,75
Clay,2020-08-08,1,76
Clay,2020-08-12,3,79
Clay,2020-08-13,1,80
Clay,2020-08-14,2,82
Clay,2020-08-15,1,83
Clay,2020-08-16,1,84
Clay,2020-08-19,3,87
Clay,2020-08-20,1,88
Clay,2020-08-21,1,89
Clay,2020-08-23,2,91
Clay,2020-08-26,3,94
Clay,2020-08-27,1,95
Clay,2020-08-29,1,96
Clay,2020-09-02,1,97
Clay,2020-09-03,3,100
Clay,2020-09-04,1,101
Clay,2020-09-05,2,103
Clay,2020-09-08,2,105
Clay,2020-09-11,2,107
Clay,2020-09-14,3,110
Clay,2020-09-17,3,113
Clay,2020-09-18,1,114
Clay,2020-09-20,1,115
Clay,2020-09-21,1,116
Clay,2020-09-23,1,117
Clay,2020-09-26,1,118
Clay,2020-09-27,1,119
Clay,2020-09-28,2,121
Clay,2020-09-29,3,124
Clay,2020-09-30,1,125
Clay,2020-10-01,3,128
Clay,2020-10-02,1,129
Clay,2020-10-03,3,132
Clay,2020-10-05,1,133
Clay,2020-10-06,1,134
Clay,2020-10-07,5,139
Clay,2020-10-08,8,147
Clay,2020-10-09,1,148
Clay,2020-10-11,4,152
Clay,2020-10-12,1,153
Clay,2020-10-14,7,160
Clay,2020-10-15,3,163
Clay,2020-10-16,5,168
Clay,2020-10-17,3,171
Clay,2020-10-18,5,176
Clay,2020-10-19,4,180
Clay,2020-10-20,2,182
Clay,2020-10-21,8,190
Clay,2020-10-22,4,194
Clay,2020-10-23,2,196
Clay,2020-10-24,8,204
Clay,2020-10-25,5,209
Clay,2020-10-26,7,216
Clay,2020-10-28,13,229
Clay,2020-10-29,6,235
Clay,2020-10-31,1,236
Clay,2020-11-01,2,238
Clay,2020-11-02,4,242
Clay,2020-11-03,1,243
Clay,2020-11-04,4,247
Clay,2020-11-05,2,249
Clay,2020-11-06,1,250
Clay,2020-11-09,1,251
Clay,2020-11-11,3,254
Clay,2020-11-13,4,258
Clay,2020-11-16,2,260
Clay,2020-11-19,5,265
Clay,2020-11-20,3,268
Clay,2020-11-26,1,269
Clay,2020-11-27,1,270
Clay,2020-11-28,4,274
Clay,2020-11-30,5,279
Clay,2020-12-01,1,280
Clay,2020-12-02,10,290
Clay,2020-12-03,6,296
Clay,2020-12-06,1,297
Clay,2020-12-07,1,298
Clay,2020-12-09,1,299
Clay,2020-12-10,4,303
Clay,2020-12-11,3,306
Clay,2020-12-12,3,309
Cleveland,2020-03-24,1,1
Cleveland,2020-03-25,1,2
Cleveland,2020-03-27,1,3
Cleveland,2020-03-29,2,5
Cleveland,2020-03-31,1,6
Cleveland,2020-04-02,2,8
Cleveland,2020-04-03,3,11
Cleveland,2020-04-04,5,16
Cleveland,2020-04-05,1,17
Cleveland,2020-04-06,3,20
Cleveland,2020-04-07,2,22
Cleveland,2020-04-08,6,28
Cleveland,2020-04-09,2,30
Cleveland,2020-04-10,4,34
Cleveland,2020-04-11,2,36
Cleveland,2020-04-12,4,40
Cleveland,2020-04-16,1,41
Cleveland,2020-04-17,1,42
Cleveland,2020-04-18,1,43
Cleveland,2020-04-19,1,44
Cleveland,2020-04-20,1,45
Cleveland,2020-04-24,1,46
Cleveland,2020-04-26,1,47
Cleveland,2020-04-30,1,48
Cleveland,2020-05-04,1,49
Cleveland,2020-05-06,2,51
Cleveland,2020-05-11,1,52
Cleveland,2020-05-13,1,53
Cleveland,2020-05-15,1,54
Cleveland,2020-05-17,1,55
Cleveland,2020-05-18,3,58
Cleveland,2020-05-20,4,62
Cleveland,2020-05-22,1,63
Cleveland,2020-05-23,4,67
Cleveland,2020-05-25,3,70
Cleveland,2020-05-26,1,71
Cleveland,2020-05-27,4,75
Cleveland,2020-05-28,9,84
Cleveland,2020-05-29,2,86
Cleveland,2020-05-30,3,89
Cleveland,2020-05-31,2,91
Cleveland,2020-06-01,9,100
Cleveland,2020-06-02,3,103
Cleveland,2020-06-03,3,106
Cleveland,2020-06-04,5,111
Cleveland,2020-06-05,3,114
Cleveland,2020-06-06,5,119
Cleveland,2020-06-07,5,124
Cleveland,2020-06-08,4,128
Cleveland,2020-06-09,5,133
Cleveland,2020-06-10,7,140
Cleveland,2020-06-11,8,148
Cleveland,2020-06-12,10,158
Cleveland,2020-06-13,6,164
Cleveland,2020-06-14,6,170
Cleveland,2020-06-15,11,181
Cleveland,2020-06-16,6,187
Cleveland,2020-06-17,10,197
Cleveland,2020-06-18,12,209
Cleveland,2020-06-19,8,217
Cleveland,2020-06-20,14,231
Cleveland,2020-06-21,3,234
Cleveland,2020-06-22,8,242
Cleveland,2020-06-23,2,244
Cleveland,2020-06-24,10,254
Cleveland,2020-06-25,10,264
Cleveland,2020-06-26,8,272
Cleveland,2020-06-27,10,282
Cleveland,2020-06-28,7,289
Cleveland,2020-06-29,9,298
Cleveland,2020-06-30,22,320
Cleveland,2020-07-01,10,330
Cleveland,2020-07-02,32,362
Cleveland,2020-07-03,10,372
Cleveland,2020-07-04,10,382
Cleveland,2020-07-05,20,402
Cleveland,2020-07-06,17,419
Cleveland,2020-07-07,16,435
Cleveland,2020-07-08,25,460
Cleveland,2020-07-09,22,482
Cleveland,2020-07-10,32,514
Cleveland,2020-07-11,20,534
Cleveland,2020-07-12,9,543
Cleveland,2020-07-13,18,561
Cleveland,2020-07-14,13,574
Cleveland,2020-07-15,33,607
Cleveland,2020-07-16,19,626
Cleveland,2020-07-17,30,656
Cleveland,2020-07-18,24,680
Cleveland,2020-07-19,11,691
Cleveland,2020-07-20,21,712
Cleveland,2020-07-21,25,737
Cleveland,2020-07-22,28,765
Cleveland,2020-07-23,37,802
Cleveland,2020-07-24,17,819
Cleveland,2020-07-25,33,852
Cleveland,2020-07-26,31,883
Cleveland,2020-07-27,21,904
Cleveland,2020-07-28,11,915
Cleveland,2020-07-29,31,946
Cleveland,2020-07-30,38,984
Cleveland,2020-07-31,31,1015
Cleveland,2020-08-01,26,1041
Cleveland,2020-08-02,20,1061
Cleveland,2020-08-03,38,1099
Cleveland,2020-08-04,11,1110
Cleveland,2020-08-05,31,1141
Cleveland,2020-08-06,16,1157
Cleveland,2020-08-07,25,1182
Cleveland,2020-08-08,10,1192
Cleveland,2020-08-09,11,1203
Cleveland,2020-08-10,18,1221
Cleveland,2020-08-11,35,1256
Cleveland,2020-08-12,26,1282
Cleveland,2020-08-13,25,1307
Cleveland,2020-08-14,18,1325
Cleveland,2020-08-15,17,1342
Cleveland,2020-08-16,15,1357
Cleveland,2020-08-17,11,1368
Cleveland,2020-08-18,51,1419
Cleveland,2020-08-19,12,1431
Cleveland,2020-08-20,22,1453
Cleveland,2020-08-21,22,1475
Cleveland,2020-08-22,10,1485
Cleveland,2020-08-23,13,1498
Cleveland,2020-08-24,10,1508
Cleveland,2020-08-25,28,1536
Cleveland,2020-08-26,18,1554
Cleveland,2020-08-27,24,1578
Cleveland,2020-08-28,16,1594
Cleveland,2020-08-29,13,1607
Cleveland,2020-08-30,5,1612
Cleveland,2020-08-31,10,1622
Cleveland,2020-09-01,18,1640
Cleveland,2020-09-02,9,1649
Cleveland,2020-09-03,15,1664
Cleveland,2020-09-04,12,1676
Cleveland,2020-09-05,28,1704
Cleveland,2020-09-06,16,1720
Cleveland,2020-09-07,18,1738
Cleveland,2020-09-08,19,1757
Cleveland,2020-09-09,23,1780
Cleveland,2020-09-10,18,1798
Cleveland,2020-09-11,23,1821
Cleveland,2020-09-12,17,1838
Cleveland,2020-09-13,22,1860
Cleveland,2020-09-14,21,1881
Cleveland,2020-09-15,22,1903
Cleveland,2020-09-16,28,1931
Cleveland,2020-09-17,39,1970
Cleveland,2020-09-18,34,2004
Cleveland,2020-09-19,31,2035
Cleveland,2020-09-20,18,2053
Cleveland,2020-09-21,31,2084
Cleveland,2020-09-22,20,2104
Cleveland,2020-09-23,34,2138
Cleveland,2020-09-24,35,2173
Cleveland,2020-09-25,27,2200
Cleveland,2020-09-26,25,2225
Cleveland,2020-09-27,19,2244
Cleveland,2020-09-28,17,2261
Cleveland,2020-09-29,23,2284
Cleveland,2020-09-30,38,2322
Cleveland,2020-10-01,45,2367
Cleveland,2020-10-02,32,2399
Cleveland,2020-10-03,25,2424
Cleveland,2020-10-04,21,2445
Cleveland,2020-10-05,17,2462
Cleveland,2020-10-06,39,2501
Cleveland,2020-10-07,40,2541
Cleveland,2020-10-08,49,2590
Cleveland,2020-10-09,31,2621
Cleveland,2020-10-10,23,2644
Cleveland,2020-10-11,26,2670
Cleveland,2020-10-12,23,2693
Cleveland,2020-10-13,24,2717
Cleveland,2020-10-14,33,2750
Cleveland,2020-10-15,33,2783
Cleveland,2020-10-16,39,2822
Cleveland,2020-10-17,18,2840
Cleveland,2020-10-18,28,2868
Cleveland,2020-10-19,41,2909
Cleveland,2020-10-20,42,2951
Cleveland,2020-10-21,32,2983
Cleveland,2020-10-22,35,3018
Cleveland,2020-10-23,20,3038
Cleveland,2020-10-24,39,3077
Cleveland,2020-10-25,20,3097
Cleveland,2020-10-26,34,3131
Cleveland,2020-10-27,46,3177
Cleveland,2020-10-28,57,3234
Cleveland,2020-10-29,32,3266
Cleveland,2020-10-30,25,3291
Cleveland,2020-10-31,29,3320
Cleveland,2020-11-01,14,3334
Cleveland,2020-11-02,27,3361
Cleveland,2020-11-03,34,3395
Cleveland,2020-11-04,40,3435
Cleveland,2020-11-05,43,3478
Cleveland,2020-11-06,28,3506
Cleveland,2020-11-07,33,3539
Cleveland,2020-11-08,13,3552
Cleveland,2020-11-09,22,3574
Cleveland,2020-11-10,23,3597
Cleveland,2020-11-11,32,3629
Cleveland,2020-11-12,39,3668
Cleveland,2020-11-13,47,3715
Cleveland,2020-11-14,24,3739
Cleveland,2020-11-15,19,3758
Cleveland,2020-11-16,30,3788
Cleveland,2020-11-17,29,3817
Cleveland,2020-11-18,46,3863
Cleveland,2020-11-19,55,3918
Cleveland,2020-11-20,20,3938
Cleveland,2020-11-21,33,3971
Cleveland,2020-11-22,25,3996
Cleveland,2020-11-23,49,4045
Cleveland,2020-11-24,30,4075
Cleveland,2020-11-25,36,4111
Cleveland,2020-11-26,43,4154
Cleveland,2020-11-27,33,4187
Cleveland,2020-11-28,51,4238
Cleveland,2020-11-29,48,4286
Cleveland,2020-11-30,49,4335
Cleveland,2020-12-01,47,4382
Cleveland,2020-12-02,63,4445
Cleveland,2020-12-03,61,4506
Cleveland,2020-12-04,52,4558
Cleveland,2020-12-05,46,4604
Cleveland,2020-12-06,47,4651
Cleveland,2020-12-07,85,4736
Cleveland,2020-12-08,80,4816
Cleveland,2020-12-09,93,4909
Cleveland,2020-12-10,87,4996
Cleveland,2020-12-11,68,5064
Cleveland,2020-12-12,43,5107
Cleveland,2020-12-13,72,5179
Cleveland,2020-12-14,46,5225
Cleveland,2020-12-15,54,5279
Columbus,2020-03-28,1,1
Columbus,2020-03-29,2,3
Columbus,2020-04-02,1,4
Columbus,2020-04-03,1,5
Columbus,2020-04-04,2,7
Columbus,2020-04-05,4,11
Columbus,2020-04-06,1,12
Columbus,2020-04-07,2,14
Columbus,2020-04-08,3,17
Columbus,2020-04-09,3,20
Columbus,2020-04-10,6,26
Columbus,2020-04-11,5,31
Columbus,2020-04-12,5,36
Columbus,2020-04-13,1,37
Columbus,2020-04-14,1,38
Columbus,2020-04-15,4,42
Columbus,2020-04-16,8,50
Columbus,2020-04-17,2,52
Columbus,2020-04-18,8,60
Columbus,2020-04-19,1,61
Columbus,2020-04-20,3,64
Columbus,2020-04-21,3,67
Columbus,2020-04-22,9,76
Columbus,2020-04-23,8,84
Columbus,2020-04-24,6,90
Columbus,2020-04-26,1,91
Columbus,2020-04-27,5,96
Columbus,2020-04-28,12,108
Columbus,2020-04-29,35,143
Columbus,2020-04-30,5,148
Columbus,2020-05-01,8,156
Columbus,2020-05-02,7,163
Columbus,2020-05-03,2,165
Columbus,2020-05-04,4,169
Columbus,2020-05-05,6,175
Columbus,2020-05-06,8,183
Columbus,2020-05-07,5,188
Columbus,2020-05-08,10,198
Columbus,2020-05-09,4,202
Columbus,2020-05-10,3,205
Columbus,2020-05-11,6,211
Columbus,2020-05-12,5,216
Columbus,2020-05-13,9,225
Columbus,2020-05-15,5,230
Columbus,2020-05-16,6,236
Columbus,2020-05-17,3,239
Columbus,2020-05-18,8,247
Columbus,2020-05-19,5,252
Columbus,2020-05-20,17,269
Columbus,2020-05-21,14,283
Columbus,2020-05-22,7,290
Columbus,2020-05-23,4,294
Columbus,2020-05-24,4,298
Columbus,2020-05-25,1,299
Columbus,2020-05-26,7,306
Columbus,2020-05-27,8,314
Columbus,2020-05-28,4,318
Columbus,2020-05-29,6,324
Columbus,2020-05-30,8,332
Columbus,2020-05-31,1,333
Columbus,2020-06-01,2,335
Columbus,2020-06-02,5,340
Columbus,2020-06-03,8,348
Columbus,2020-06-04,5,353
Columbus,2020-06-05,6,359
Columbus,2020-06-06,6,365
Columbus,2020-06-07,5,370
Columbus,2020-06-08,2,372
Columbus,2020-06-09,7,379
Columbus,2020-06-10,11,390
Columbus,2020-06-11,12,402
Columbus,2020-06-12,12,414
Columbus,2020-06-13,3,417
Columbus,2020-06-14,10,427
Columbus,2020-06-15,2,429
Columbus,2020-06-16,9,438
Columbus,2020-06-17,10,448
Columbus,2020-06-18,7,455
Columbus,2020-06-19,5,460
Columbus,2020-06-20,3,463
Columbus,2020-06-21,2,465
Columbus,2020-06-22,4,469
Columbus,2020-06-23,13,482
Columbus,2020-06-24,9,491
Columbus,2020-06-25,6,497
Columbus,2020-06-26,3,500
Columbus,2020-06-27,9,509
Columbus,2020-06-28,4,513
Columbus,2020-06-29,2,515
Columbus,2020-06-30,15,530
Columbus,2020-07-01,7,537
Columbus,2020-07-02,8,545
Columbus,2020-07-03,3,548
Columbus,2020-07-04,1,549
Columbus,2020-07-05,8,557
Columbus,2020-07-06,4,561
Columbus,2020-07-07,10,571
Columbus,2020-07-08,11,582
Columbus,2020-07-09,11,593
Columbus,2020-07-10,7,600
Columbus,2020-07-11,5,605
Columbus,2020-07-12,5,610
Columbus,2020-07-13,29,639
Columbus,2020-07-14,3,642
Columbus,2020-07-15,14,656
Columbus,2020-07-16,9,665
Columbus,2020-07-17,14,679
Columbus,2020-07-18,18,697
Columbus,2020-07-19,2,699
Columbus,2020-07-20,5,704
Columbus,2020-07-21,12,716
Columbus,2020-07-22,10,726
Columbus,2020-07-23,9,735
Columbus,2020-07-24,10,745
Columbus,2020-07-25,11,756
Columbus,2020-07-26,6,762
Columbus,2020-07-27,9,771
Columbus,2020-07-28,6,777
Columbus,2020-07-29,28,805
Columbus,2020-07-30,7,812
Columbus,2020-07-31,13,825
Columbus,2020-08-01,4,829
Columbus,2020-08-02,8,837
Columbus,2020-08-03,8,845
Columbus,2020-08-04,12,857
Columbus,2020-08-05,11,868
Columbus,2020-08-06,23,891
Columbus,2020-08-07,9,900
Columbus,2020-08-08,5,905
Columbus,2020-08-09,6,911
Columbus,2020-08-10,15,926
Columbus,2020-08-11,19,945
Columbus,2020-08-12,18,963
Columbus,2020-08-13,4,967
Columbus,2020-08-14,9,976
Columbus,2020-08-15,2,978
Columbus,2020-08-16,3,981
Columbus,2020-08-17,15,996
Columbus,2020-08-18,13,1009
Columbus,2020-08-19,5,1014
Columbus,2020-08-20,13,1027
Columbus,2020-08-21,9,1036
Columbus,2020-08-22,4,1040
Columbus,2020-08-23,1,1041
Columbus,2020-08-24,14,1055
Columbus,2020-08-25,9,1064
Columbus,2020-08-26,9,1073
Columbus,2020-08-27,15,1088
Columbus,2020-08-28,6,1094
Columbus,2020-08-29,2,1096
Columbus,2020-08-30,6,1102
Columbus,2020-08-31,21,1123
Columbus,2020-09-01,11,1134
Columbus,2020-09-02,26,1160
Columbus,2020-09-03,11,1171
Columbus,2020-09-04,5,1176
Columbus,2020-09-05,5,1181
Columbus,2020-09-06,3,1184
Columbus,2020-09-07,7,1191
Columbus,2020-09-08,18,1209
Columbus,2020-09-09,17,1226
Columbus,2020-09-10,16,1242
Columbus,2020-09-11,6,1248
Columbus,2020-09-12,10,1258
Columbus,2020-09-13,2,1260
Columbus,2020-09-14,14,1274
Columbus,2020-09-15,10,1284
Columbus,2020-09-16,9,1293
Columbus,2020-09-17,11,1304
Columbus,2020-09-18,3,1307
Columbus,2020-09-19,5,1312
Columbus,2020-09-20,2,1314
Columbus,2020-09-21,13,1327
Columbus,2020-09-22,6,1333
Columbus,2020-09-23,8,1341
Columbus,2020-09-24,16,1357
Columbus,2020-09-25,4,1361
Columbus,2020-09-26,9,1370
Columbus,2020-09-27,0,1370
Columbus,2020-09-28,6,1376
Columbus,2020-09-29,15,1391
Columbus,2020-09-30,11,1402
Columbus,2020-10-01,5,1407
Columbus,2020-10-02,8,1415
Columbus,2020-10-03,2,1417
Columbus,2020-10-04,6,1423
Columbus,2020-10-05,15,1438
Columbus,2020-10-06,17,1455
Columbus,2020-10-07,19,1474
Columbus,2020-10-08,14,1488
Columbus,2020-10-09,5,1493
Columbus,2020-10-10,8,1501
Columbus,2020-10-11,3,1504
Columbus,2020-10-12,22,1526
Columbus,2020-10-13,3,1529
Columbus,2020-10-14,15,1544
Columbus,2020-10-15,6,1550
Columbus,2020-10-16,4,1554
Columbus,2020-10-17,3,1557
Columbus,2020-10-18,10,1567
Columbus,2020-10-19,6,1573
Columbus,2020-10-20,14,1587
Columbus,2020-10-21,16,1603
Columbus,2020-10-22,22,1625
Columbus,2020-10-23,12,1637
Columbus,2020-10-24,8,1645
Columbus,2020-10-25,3,1648
Columbus,2020-10-26,15,1663
Columbus,2020-10-27,24,1687
Columbus,2020-10-28,10,1697
Columbus,2020-10-29,18,1715
Columbus,2020-10-30,38,1753
Columbus,2020-10-31,6,1759
Columbus,2020-11-01,3,1762
Columbus,2020-11-02,9,1771
Columbus,2020-11-03,14,1785
Columbus,2020-11-04,14,1799
Columbus,2020-11-05,56,1855
Columbus,2020-11-06,6,1861
Columbus,2020-11-07,8,1869
Columbus,2020-11-08,67,1936
Columbus,2020-11-09,20,1956
Columbus,2020-11-10,55,2011
Columbus,2020-11-11,65,2076
Columbus,2020-11-12,16,2092
Columbus,2020-11-13,9,2101
Columbus,2020-11-14,14,2115
Columbus,2020-11-15,34,2149
Columbus,2020-11-16,23,2172
Columbus,2020-11-17,49,2221
Columbus,2020-11-18,31,2252
Columbus,2020-11-19,36,2288
Columbus,2020-11-20,60,2348
Columbus,2020-11-21,9,2357
Columbus,2020-11-22,8,2365
Columbus,2020-11-23,7,2372
Columbus,2020-11-24,23,2395
Columbus,2020-11-25,80,2475
Columbus,2020-11-26,53,2528
Columbus,2020-11-27,13,2541
Columbus,2020-11-28,7,2548
Columbus,2020-11-29,2,2550
Columbus,2020-11-30,9,2559
Columbus,2020-12-01,22,2581
Columbus,2020-12-02,8,2589
Columbus,2020-12-03,14,2603
Columbus,2020-12-04,18,2621
Columbus,2020-12-05,6,2627
Columbus,2020-12-06,7,2634
Columbus,2020-12-07,12,2646
Columbus,2020-12-08,12,2658
Columbus,2020-12-09,10,2668
Columbus,2020-12-10,14,2682
Columbus,2020-12-11,18,2700
Columbus,2020-12-12,7,2707
Columbus,2020-12-13,7,2714
Columbus,2020-12-14,12,2726
Columbus,2020-12-15,10,2736
Craven,2020-03-14,1,1
Craven,2020-03-19,1,2
Craven,2020-03-24,1,3
Craven,2020-03-27,1,4
Craven,2020-03-31,2,6
Craven,2020-04-01,1,7
Craven,2020-04-02,4,11
Craven,2020-04-03,2,13
Craven,2020-04-04,2,15
Craven,2020-04-05,2,17
Craven,2020-04-06,1,18
Craven,2020-04-07,1,19
Craven,2020-04-08,1,20
Craven,2020-04-09,2,22
Craven,2020-04-10,2,24
Craven,2020-04-11,1,25
Craven,2020-04-12,2,27
Craven,2020-04-14,2,29
Craven,2020-04-15,1,30
Craven,2020-04-16,2,32
Craven,2020-04-18,1,33
Craven,2020-04-19,1,34
Craven,2020-04-20,1,35
Craven,2020-04-22,1,36
Craven,2020-04-23,2,38
Craven,2020-04-29,1,39
Craven,2020-04-30,1,40
Craven,2020-05-02,2,42
Craven,2020-05-03,1,43
Craven,2020-05-06,3,46
Craven,2020-05-07,3,49
Craven,2020-05-08,2,51
Craven,2020-05-09,1,52
Craven,2020-05-10,1,53
Craven,2020-05-11,2,55
Craven,2020-05-13,18,73
Craven,2020-05-14,8,81
Craven,2020-05-15,3,84
Craven,2020-05-16,10,94
Craven,2020-05-17,32,126
Craven,2020-05-18,4,130
Craven,2020-05-19,5,135
Craven,2020-05-20,5,140
Craven,2020-05-21,2,142
Craven,2020-05-22,30,172
Craven,2020-05-23,13,185
Craven,2020-05-24,1,186
Craven,2020-05-25,1,187
Craven,2020-05-27,2,189
Craven,2020-05-28,3,192
Craven,2020-05-29,12,204
Craven,2020-05-31,5,209
Craven,2020-06-01,1,210
Craven,2020-06-03,6,216
Craven,2020-06-04,1,217
Craven,2020-06-05,5,222
Craven,2020-06-06,9,231
Craven,2020-06-07,7,238
Craven,2020-06-08,1,239
Craven,2020-06-09,1,240
Craven,2020-06-10,2,242
Craven,2020-06-11,11,253
Craven,2020-06-12,2,255
Craven,2020-06-13,9,264
Craven,2020-06-14,10,274
Craven,2020-06-15,1,275
Craven,2020-06-16,3,278
Craven,2020-06-17,3,281
Craven,2020-06-18,12,293
Craven,2020-06-19,8,301
Craven,2020-06-20,9,310
Craven,2020-06-21,7,317
Craven,2020-06-22,7,324
Craven,2020-06-23,2,326
Craven,2020-06-24,6,332
Craven,2020-06-25,7,339
Craven,2020-06-26,6,345
Craven,2020-06-27,3,348
Craven,2020-06-28,9,357
Craven,2020-06-29,2,359
Craven,2020-06-30,7,366
Craven,2020-07-01,10,376
Craven,2020-07-02,8,384
Craven,2020-07-03,1,385
Craven,2020-07-04,13,398
Craven,2020-07-05,1,399
Craven,2020-07-06,10,409
Craven,2020-07-07,5,414
Craven,2020-07-08,6,420
Craven,2020-07-09,4,424
Craven,2020-07-10,9,433
Craven,2020-07-11,13,446
Craven,2020-07-12,10,456
Craven,2020-07-13,15,471
Craven,2020-07-14,10,481
Craven,2020-07-15,2,483
Craven,2020-07-16,2,485
Craven,2020-07-17,7,492
Craven,2020-07-18,15,507
Craven,2020-07-19,2,509
Craven,2020-07-20,7,516
Craven,2020-07-21,12,528
Craven,2020-07-22,26,554
Craven,2020-07-23,7,561
Craven,2020-07-24,9,570
Craven,2020-07-25,5,575
Craven,2020-07-26,3,578
Craven,2020-07-27,17,595
Craven,2020-07-28,7,602
Craven,2020-07-29,9,611
Craven,2020-07-30,10,621
Craven,2020-07-31,3,624
Craven,2020-08-01,4,628
Craven,2020-08-02,4,632
Craven,2020-08-03,15,647
Craven,2020-08-04,1,648
Craven,2020-08-05,27,675
Craven,2020-08-06,8,683
Craven,2020-08-07,19,702
Craven,2020-08-08,6,708
Craven,2020-08-09,2,710
Craven,2020-08-10,4,714
Craven,2020-08-11,14,728
Craven,2020-08-12,15,743
Craven,2020-08-13,15,758
Craven,2020-08-14,15,773
Craven,2020-08-15,54,827
Craven,2020-08-16,6,833
Craven,2020-08-17,8,841
Craven,2020-08-18,13,854
Craven,2020-08-19,41,895
Craven,2020-08-20,12,907
Craven,2020-08-21,7,914
Craven,2020-08-22,8,922
Craven,2020-08-23,4,926
Craven,2020-08-24,8,934
Craven,2020-08-25,2,936
Craven,2020-08-26,9,945
Craven,2020-08-27,9,954
Craven,2020-08-28,19,973
Craven,2020-08-29,10,983
Craven,2020-08-30,17,1000
Craven,2020-08-31,11,1011
Craven,2020-09-01,9,1020
Craven,2020-09-02,13,1033
Craven,2020-09-03,10,1043
Craven,2020-09-04,10,1053
Craven,2020-09-05,21,1074
Craven,2020-09-06,12,1086
Craven,2020-09-07,3,1089
Craven,2020-09-08,6,1095
Craven,2020-09-09,10,1105
Craven,2020-09-10,26,1131
Craven,2020-09-11,14,1145
Craven,2020-09-12,7,1152
Craven,2020-09-13,14,1166
Craven,2020-09-14,30,1196
Craven,2020-09-15,19,1215
Craven,2020-09-16,15,1230
Craven,2020-09-17,15,1245
Craven,2020-09-18,31,1276
Craven,2020-09-19,12,1288
Craven,2020-09-20,7,1295
Craven,2020-09-21,13,1308
Craven,2020-09-22,13,1321
Craven,2020-09-23,9,1330
Craven,2020-09-24,46,1376
Craven,2020-09-25,17,1393
Craven,2020-09-26,8,1401
Craven,2020-09-27,7,1408
Craven,2020-09-28,18,1426
Craven,2020-09-29,9,1435
Craven,2020-09-30,21,1456
Craven,2020-10-01,37,1493
Craven,2020-10-02,16,1509
Craven,2020-10-03,5,1514
Craven,2020-10-04,15,1529
Craven,2020-10-05,12,1541
Craven,2020-10-06,14,1555
Craven,2020-10-07,19,1574
Craven,2020-10-08,30,1604
Craven,2020-10-09,17,1621
Craven,2020-10-10,3,1624
Craven,2020-10-11,13,1637
Craven,2020-10-12,18,1655
Craven,2020-10-13,6,1661
Craven,2020-10-14,22,1683
Craven,2020-10-15,39,1722
Craven,2020-10-16,19,1741
Craven,2020-10-17,7,1748
Craven,2020-10-18,20,1768
Craven,2020-10-19,18,1786
Craven,2020-10-20,10,1796
Craven,2020-10-21,27,1823
Craven,2020-10-22,27,1850
Craven,2020-10-23,18,1868
Craven,2020-10-24,5,1873
Craven,2020-10-25,7,1880
Craven,2020-10-26,16,1896
Craven,2020-10-27,24,1920
Craven,2020-10-28,22,1942
Craven,2020-10-29,33,1975
Craven,2020-10-30,14,1989
Craven,2020-10-31,5,1994
Craven,2020-11-01,4,1998
Craven,2020-11-02,25,2023
Craven,2020-11-03,10,2033
Craven,2020-11-04,18,2051
Craven,2020-11-05,15,2066
Craven,2020-11-06,4,2070
Craven,2020-11-07,4,2074
Craven,2020-11-08,6,2080
Craven,2020-11-09,15,2095
Craven,2020-11-10,14,2109
Craven,2020-11-11,11,2120
Craven,2020-11-12,38,2158
Craven,2020-11-13,14,2172
Craven,2020-11-14,5,2177
Craven,2020-11-15,11,2188
Craven,2020-11-16,31,2219
Craven,2020-11-17,14,2233
Craven,2020-11-18,24,2257
Craven,2020-11-19,32,2289
Craven,2020-11-20,42,2331
Craven,2020-11-21,15,2346
Craven,2020-11-22,12,2358
Craven,2020-11-23,36,2394
Craven,2020-11-24,26,2420
Craven,2020-11-25,16,2436
Craven,2020-11-26,14,2450
Craven,2020-11-27,21,2471
Craven,2020-11-28,11,2482
Craven,2020-11-29,24,2506
Craven,2020-11-30,27,2533
Craven,2020-12-01,34,2567
Craven,2020-12-02,36,2603
Craven,2020-12-03,45,2648
Craven,2020-12-04,87,2735
Craven,2020-12-05,36,2771
Craven,2020-12-06,22,2793
Craven,2020-12-07,51,2844
Craven,2020-12-08,85,2929
Craven,2020-12-09,41,2970
Craven,2020-12-10,49,3019
Craven,2020-12-11,50,3069
Craven,2020-12-12,12,3081
Craven,2020-12-13,38,3119
Craven,2020-12-14,54,3173
Craven,2020-12-15,57,3230
Cumberland,2020-03-19,2,2
Cumberland,2020-03-21,1,3
Cumberland,2020-03-23,1,4
Cumberland,2020-03-24,1,5
Cumberland,2020-03-25,3,8
Cumberland,2020-03-26,1,9
Cumberland,2020-03-27,3,12
Cumberland,2020-03-28,1,13
Cumberland,2020-03-29,2,15
Cumberland,2020-03-30,4,19
Cumberland,2020-03-31,4,23
Cumberland,2020-04-01,9,32
Cumberland,2020-04-02,5,37
Cumberland,2020-04-03,6,43
Cumberland,2020-04-04,4,47
Cumberland,2020-04-05,2,49
Cumberland,2020-04-06,13,62
Cumberland,2020-04-07,7,69
Cumberland,2020-04-08,2,71
Cumberland,2020-04-09,3,74
Cumberland,2020-04-10,7,81
Cumberland,2020-04-11,4,85
Cumberland,2020-04-13,2,87
Cumberland,2020-04-14,6,93
Cumberland,2020-04-15,3,96
Cumberland,2020-04-16,7,103
Cumberland,2020-04-17,5,108
Cumberland,2020-04-18,6,114
Cumberland,2020-04-19,1,115
Cumberland,2020-04-20,15,130
Cumberland,2020-04-21,9,139
Cumberland,2020-04-22,12,151
Cumberland,2020-04-23,23,174
Cumberland,2020-04-24,16,190
Cumberland,2020-04-25,5,195
Cumberland,2020-04-26,5,200
Cumberland,2020-04-27,28,228
Cumberland,2020-04-28,2,230
Cumberland,2020-04-29,33,263
Cumberland,2020-04-30,12,275
Cumberland,2020-05-01,14,289
Cumberland,2020-05-02,4,293
Cumberland,2020-05-03,5,298
Cumberland,2020-05-04,24,322
Cumberland,2020-05-05,15,337
Cumberland,2020-05-06,16,353
Cumberland,2020-05-07,3,356
Cumberland,2020-05-08,13,369
Cumberland,2020-05-09,12,381
Cumberland,2020-05-10,3,384
Cumberland,2020-05-11,12,396
Cumberland,2020-05-12,14,410
Cumberland,2020-05-13,28,438
Cumberland,2020-05-14,30,468
Cumberland,2020-05-15,29,497
Cumberland,2020-05-16,5,502
Cumberland,2020-05-18,19,521
Cumberland,2020-05-19,14,535
Cumberland,2020-05-20,15,550
Cumberland,2020-05-21,28,578
Cumberland,2020-05-22,11,589
Cumberland,2020-05-23,17,606
Cumberland,2020-05-24,6,612
Cumberland,2020-05-25,6,618
Cumberland,2020-05-26,17,635
Cumberland,2020-05-27,17,652
Cumberland,2020-05-28,35,687
Cumberland,2020-05-29,20,707
Cumberland,2020-05-30,4,711
Cumberland,2020-05-31,7,718
Cumberland,2020-06-01,6,724
Cumberland,2020-06-02,5,729
Cumberland,2020-06-03,21,750
Cumberland,2020-06-04,14,764
Cumberland,2020-06-05,25,789
Cumberland,2020-06-06,8,797
Cumberland,2020-06-07,9,806
Cumberland,2020-06-08,18,824
Cumberland,2020-06-09,10,834
Cumberland,2020-06-10,27,861
Cumberland,2020-06-11,20,881
Cumberland,2020-06-12,21,902
Cumberland,2020-06-13,8,910
Cumberland,2020-06-14,7,917
Cumberland,2020-06-15,18,935
Cumberland,2020-06-16,31,966
Cumberland,2020-06-17,10,976
Cumberland,2020-06-18,20,996
Cumberland,2020-06-19,26,1022
Cumberland,2020-06-20,18,1040
Cumberland,2020-06-21,6,1046
Cumberland,2020-06-22,26,1072
Cumberland,2020-06-23,30,1102
Cumberland,2020-06-24,18,1120
Cumberland,2020-06-25,23,1143
Cumberland,2020-06-26,19,1162
Cumberland,2020-06-27,40,1202
Cumberland,2020-06-28,23,1225
Cumberland,2020-06-29,59,1284
Cumberland,2020-06-30,44,1328
Cumberland,2020-07-01,35,1363
Cumberland,2020-07-02,37,1400
Cumberland,2020-07-03,31,1431
Cumberland,2020-07-04,18,1449
Cumberland,2020-07-05,23,1472
Cumberland,2020-07-06,38,1510
Cumberland,2020-07-07,38,1548
Cumberland,2020-07-08,56,1604
Cumberland,2020-07-09,45,1649
Cumberland,2020-07-10,46,1695
Cumberland,2020-07-11,67,1762
Cumberland,2020-07-12,24,1786
Cumberland,2020-07-13,61,1847
Cumberland,2020-07-14,54,1901
Cumberland,2020-07-15,47,1948
Cumberland,2020-07-16,84,2032
Cumberland,2020-07-17,73,2105
Cumberland,2020-07-18,39,2144
Cumberland,2020-07-19,42,2186
Cumberland,2020-07-20,80,2266
Cumberland,2020-07-21,62,2328
Cumberland,2020-07-22,49,2377
Cumberland,2020-07-23,69,2446
Cumberland,2020-07-24,51,2497
Cumberland,2020-07-25,48,2545
Cumberland,2020-07-26,39,2584
Cumberland,2020-07-27,77,2661
Cumberland,2020-07-28,66,2727
Cumberland,2020-07-29,66,2793
Cumberland,2020-07-30,52,2845
Cumberland,2020-07-31,79,2924
Cumberland,2020-08-01,44,2968
Cumberland,2020-08-02,43,3011
Cumberland,2020-08-03,56,3067
Cumberland,2020-08-04,44,3111
Cumberland,2020-08-05,50,3161
Cumberland,2020-08-06,39,3200
Cumberland,2020-08-07,61,3261
Cumberland,2020-08-08,53,3314
Cumberland,2020-08-09,13,3327
Cumberland,2020-08-10,61,3388
Cumberland,2020-08-11,48,3436
Cumberland,2020-08-12,70,3506
Cumberland,2020-08-13,48,3554
Cumberland,2020-08-14,61,3615
Cumberland,2020-08-15,31,3646
Cumberland,2020-08-16,19,3665
Cumberland,2020-08-17,61,3726
Cumberland,2020-08-18,42,3768
Cumberland,2020-08-19,49,3817
Cumberland,2020-08-20,43,3860
Cumberland,2020-08-21,37,3897
Cumberland,2020-08-22,55,3952
Cumberland,2020-08-23,33,3985
Cumberland,2020-08-24,62,4047
Cumberland,2020-08-25,43,4090
Cumberland,2020-08-26,48,4138
Cumberland,2020-08-27,46,4184
Cumberland,2020-08-28,26,4210
Cumberland,2020-08-29,34,4244
Cumberland,2020-08-30,28,4272
Cumberland,2020-08-31,51,4323
Cumberland,2020-09-01,33,4356
Cumberland,2020-09-02,71,4427
Cumberland,2020-09-03,58,4485
Cumberland,2020-09-04,63,4548
Cumberland,2020-09-05,41,4589
Cumberland,2020-09-06,27,4616
Cumberland,2020-09-07,51,4667
Cumberland,2020-09-08,25,4692
Cumberland,2020-09-09,36,4728
Cumberland,2020-09-10,53,4781
Cumberland,2020-09-11,65,4846
Cumberland,2020-09-12,36,4882
Cumberland,2020-09-13,25,4907
Cumberland,2020-09-14,43,4950
Cumberland,2020-09-15,39,4989
Cumberland,2020-09-16,63,5052
Cumberland,2020-09-17,53,5105
Cumberland,2020-09-18,52,5157
Cumberland,2020-09-19,41,5198
Cumberland,2020-09-20,29,5227
Cumberland,2020-09-21,48,5275
Cumberland,2020-09-22,44,5319
Cumberland,2020-09-23,56,5375
Cumberland,2020-09-24,56,5431
Cumberland,2020-09-25,59,5490
Cumberland,2020-09-26,41,5531
Cumberland,2020-09-27,13,5544
Cumberland,2020-09-28,28,5572
Cumberland,2020-09-29,65,5637
Cumberland,2020-09-30,49,5686
Cumberland,2020-10-01,69,5755
Cumberland,2020-10-02,42,5797
Cumberland,2020-10-03,38,5835
Cumberland,2020-10-04,23,5858
Cumberland,2020-10-05,40,5898
Cumberland,2020-10-06,54,5952
Cumberland,2020-10-07,47,5999
Cumberland,2020-10-08,37,6036
Cumberland,2020-10-09,53,6089
Cumberland,2020-10-10,43,6132
Cumberland,2020-10-11,32,6164
Cumberland,2020-10-12,49,6213
Cumberland,2020-10-13,43,6256
Cumberland,2020-10-14,96,6352
Cumberland,2020-10-15,72,6424
Cumberland,2020-10-16,38,6462
Cumberland,2020-10-17,44,6506
Cumberland,2020-10-18,23,6529
Cumberland,2020-10-19,41,6570
Cumberland,2020-10-20,55,6625
Cumberland,2020-10-21,69,6694
Cumberland,2020-10-22,62,6756
Cumberland,2020-10-23,58,6814
Cumberland,2020-10-24,44,6858
Cumberland,2020-10-25,46,6904
Cumberland,2020-10-26,39,6943
Cumberland,2020-10-27,67,7010
Cumberland,2020-10-28,77,7087
Cumberland,2020-10-29,55,7142
Cumberland,2020-10-30,73,7215
Cumberland,2020-10-31,62,7277
Cumberland,2020-11-01,24,7301
Cumberland,2020-11-02,41,7342
Cumberland,2020-11-03,83,7425
Cumberland,2020-11-04,75,7500
Cumberland,2020-11-05,69,7569
Cumberland,2020-11-06,66,7635
Cumberland,2020-11-07,46,7681
Cumberland,2020-11-08,35,7716
Cumberland,2020-11-09,69,7785
Cumberland,2020-11-10,106,7891
Cumberland,2020-11-11,53,7944
Cumberland,2020-11-12,87,8031
Cumberland,2020-11-13,80,8111
Cumberland,2020-11-14,57,8168
Cumberland,2020-11-15,48,8216
Cumberland,2020-11-16,93,8309
Cumberland,2020-11-17,118,8427
Cumberland,2020-11-18,107,8534
Cumberland,2020-11-19,93,8627
Cumberland,2020-11-20,96,8723
Cumberland,2020-11-21,69,8792
Cumberland,2020-11-22,52,8844
Cumberland,2020-11-23,75,8919
Cumberland,2020-11-24,88,9007
Cumberland,2020-11-25,119,9126
Cumberland,2020-11-26,53,9179
Cumberland,2020-11-27,70,9249
Cumberland,2020-11-28,69,9318
Cumberland,2020-11-29,56,9374
Cumberland,2020-11-30,87,9461
Cumberland,2020-12-01,143,9604
Cumberland,2020-12-02,144,9748
Cumberland,2020-12-03,145,9893
Cumberland,2020-12-04,116,10009
Cumberland,2020-12-05,108,10117
Cumberland,2020-12-06,64,10181
Cumberland,2020-12-07,130,10311
Cumberland,2020-12-08,183,10494
Cumberland,2020-12-09,140,10634
Cumberland,2020-12-10,144,10778
Cumberland,2020-12-11,148,10926
Cumberland,2020-12-12,136,11062
Cumberland,2020-12-13,66,11128
Cumberland,2020-12-14,100,11228
Cumberland,2020-12-15,168,11396
Currituck,2020-04-01,1,1
Currituck,2020-04-04,1,2
Currituck,2020-04-28,2,4
Currituck,2020-05-01,1,5
Currituck,2020-05-06,4,9
Currituck,2020-05-13,2,11
Currituck,2020-05-26,2,13
Currituck,2020-05-31,1,14
Currituck,2020-06-02,1,15
Currituck,2020-06-12,1,16
Currituck,2020-06-24,2,18
Currituck,2020-06-28,1,19
Currituck,2020-07-02,1,20
Currituck,2020-07-04,2,22
Currituck,2020-07-05,1,23
Currituck,2020-07-07,1,24
Currituck,2020-07-09,4,28
Currituck,2020-07-10,3,31
Currituck,2020-07-12,2,33
Currituck,2020-07-13,9,42
Currituck,2020-07-14,1,43
Currituck,2020-07-15,1,44
Currituck,2020-07-16,1,45
Currituck,2020-07-17,3,48
Currituck,2020-07-18,4,52
Currituck,2020-07-19,2,54
Currituck,2020-07-20,2,56
Currituck,2020-07-21,4,60
Currituck,2020-07-22,1,61
Currituck,2020-07-23,2,63
Currituck,2020-07-24,3,66
Currituck,2020-07-25,2,68
Currituck,2020-07-26,2,70
Currituck,2020-07-27,3,73
Currituck,2020-07-29,2,75
Currituck,2020-07-30,1,76
Currituck,2020-08-03,1,77
Currituck,2020-08-05,1,78
Currituck,2020-08-06,2,80
Currituck,2020-08-10,3,83
Currituck,2020-08-12,3,86
Currituck,2020-08-13,1,87
Currituck,2020-08-15,4,91
Currituck,2020-08-17,3,94
Currituck,2020-08-19,1,95
Currituck,2020-08-20,2,97
Currituck,2020-08-21,2,99
Currituck,2020-08-25,1,100
Currituck,2020-08-26,5,105
Currituck,2020-08-27,1,106
Currituck,2020-08-28,2,108
Currituck,2020-08-29,10,118
Currituck,2020-08-30,1,119
Currituck,2020-08-31,3,122
Currituck,2020-09-03,5,127
Currituck,2020-09-04,2,129
Currituck,2020-09-05,4,133
Currituck,2020-09-06,1,134
Currituck,2020-09-07,1,135
Currituck,2020-09-08,8,143
Currituck,2020-09-09,1,144
Currituck,2020-09-10,2,146
Currituck,2020-09-11,2,148
Currituck,2020-09-12,1,149
Currituck,2020-09-14,2,151
Currituck,2020-09-15,1,152
Currituck,2020-09-16,7,159
Currituck,2020-09-17,4,163
Currituck,2020-09-18,16,179
Currituck,2020-09-21,4,183
Currituck,2020-09-24,2,185
Currituck,2020-09-25,1,186
Currituck,2020-09-26,1,187
Currituck,2020-09-29,1,188
Currituck,2020-09-30,4,192
Currituck,2020-10-01,1,193
Currituck,2020-10-04,3,196
Currituck,2020-10-05,2,198
Currituck,2020-10-06,1,199
Currituck,2020-10-07,1,200
Currituck,2020-10-08,5,205
Currituck,2020-10-09,1,206
Currituck,2020-10-10,2,208
Currituck,2020-10-13,4,212
Currituck,2020-10-14,3,215
Currituck,2020-10-16,1,216
Currituck,2020-10-17,1,217
Currituck,2020-10-18,1,218
Currituck,2020-10-19,3,221
Currituck,2020-10-21,2,223
Currituck,2020-10-26,1,224
Currituck,2020-10-27,1,225
Currituck,2020-10-28,1,226
Currituck,2020-10-30,2,228
Currituck,2020-10-31,2,230
Currituck,2020-11-01,1,231
Currituck,2020-11-02,1,232
Currituck,2020-11-03,5,237
Currituck,2020-11-04,4,241
Currituck,2020-11-05,1,242
Currituck,2020-11-06,4,246
Currituck,2020-11-07,7,253
Currituck,2020-11-08,1,254
Currituck,2020-11-09,1,255
Currituck,2020-11-10,5,260
Currituck,2020-11-11,5,265
Currituck,2020-11-12,3,268
Currituck,2020-11-13,4,272
Currituck,2020-11-14,7,279
Currituck,2020-11-15,2,281
Currituck,2020-11-16,7,288
Currituck,2020-11-17,1,289
Currituck,2020-11-18,3,292
Currituck,2020-11-19,3,295
Currituck,2020-11-20,3,298
Currituck,2020-11-21,1,299
Currituck,2020-11-22,1,300
Currituck,2020-11-23,2,302
Currituck,2020-11-24,4,306
Currituck,2020-11-25,4,310
Currituck,2020-11-26,2,312
Currituck,2020-11-27,3,315
Currituck,2020-11-28,3,318
Currituck,2020-11-29,2,320
Currituck,2020-11-30,3,323
Currituck,2020-12-01,27,350
Currituck,2020-12-02,7,357
Currituck,2020-12-03,7,364
Currituck,2020-12-04,8,372
Currituck,2020-12-05,8,380
Currituck,2020-12-06,1,381
Currituck,2020-12-07,8,389
Currituck,2020-12-08,7,396
Currituck,2020-12-09,8,404
Currituck,2020-12-10,10,414
Currituck,2020-12-11,16,430
Currituck,2020-12-12,10,440
Currituck,2020-12-13,10,450
Currituck,2020-12-14,2,452
Currituck,2020-12-15,7,459
Dare,2020-04-01,1,1
Dare,2020-04-02,1,2
Dare,2020-04-06,4,6
Dare,2020-04-09,3,9
Dare,2020-04-11,1,10
Dare,2020-04-12,1,11
Dare,2020-05-01,1,12
Dare,2020-05-02,2,14
Dare,2020-05-08,1,15
Dare,2020-05-10,2,17
Dare,2020-05-14,1,18
Dare,2020-06-04,1,19
Dare,2020-06-05,1,20
Dare,2020-06-07,2,22
Dare,2020-06-13,1,23
Dare,2020-06-14,1,24
Dare,2020-06-16,3,27
Dare,2020-06-22,1,28
Dare,2020-06-23,2,30
Dare,2020-06-24,3,33
Dare,2020-06-25,4,37
Dare,2020-06-26,5,42
Dare,2020-06-27,1,43
Dare,2020-06-28,8,51
Dare,2020-06-29,6,57
Dare,2020-06-30,2,59
Dare,2020-07-02,6,65
Dare,2020-07-03,6,71
Dare,2020-07-04,3,74
Dare,2020-07-05,1,75
Dare,2020-07-06,3,78
Dare,2020-07-07,5,83
Dare,2020-07-08,4,87
Dare,2020-07-09,9,96
Dare,2020-07-10,7,103
Dare,2020-07-11,7,110
Dare,2020-07-12,2,112
Dare,2020-07-13,7,119
Dare,2020-07-14,2,121
Dare,2020-07-15,2,123
Dare,2020-07-16,5,128
Dare,2020-07-17,12,140
Dare,2020-07-18,5,145
Dare,2020-07-19,2,147
Dare,2020-07-20,10,157
Dare,2020-07-21,4,161
Dare,2020-07-22,4,165
Dare,2020-07-23,5,170
Dare,2020-07-24,3,173
Dare,2020-07-25,4,177
Dare,2020-07-26,7,184
Dare,2020-07-27,1,185
Dare,2020-07-28,3,188
Dare,2020-07-30,1,189
Dare,2020-07-31,10,199
Dare,2020-08-01,4,203
Dare,2020-08-03,1,204
Dare,2020-08-04,2,206
Dare,2020-08-05,1,207
Dare,2020-08-06,2,209
Dare,2020-08-08,1,210
Dare,2020-08-09,1,211
Dare,2020-08-10,1,212
Dare,2020-08-11,1,213
Dare,2020-08-13,2,215
Dare,2020-08-15,3,218
Dare,2020-08-16,1,219
Dare,2020-08-18,1,220
Dare,2020-08-20,5,225
Dare,2020-08-22,1,226
Dare,2020-08-24,1,227
Dare,2020-08-25,2,229
Dare,2020-08-26,3,232
Dare,2020-08-27,1,233
Dare,2020-08-28,1,234
Dare,2020-08-30,1,235
Dare,2020-08-31,1,236
Dare,2020-09-01,1,237
Dare,2020-09-03,1,238
Dare,2020-09-04,1,239
Dare,2020-09-05,4,243
Dare,2020-09-07,1,244
Dare,2020-09-10,1,245
Dare,2020-09-11,1,246
Dare,2020-09-12,4,250
Dare,2020-09-13,2,252
Dare,2020-09-14,1,253
Dare,2020-09-15,1,254
Dare,2020-09-16,2,256
Dare,2020-09-18,3,259
Dare,2020-09-19,3,262
Dare,2020-09-21,2,264
Dare,2020-09-22,4,268
Dare,2020-09-23,1,269
Dare,2020-09-24,1,270
Dare,2020-09-25,2,272
Dare,2020-09-26,2,274
Dare,2020-09-28,4,278
Dare,2020-09-29,6,284
Dare,2020-09-30,2,286
Dare,2020-10-01,1,287
Dare,2020-10-02,2,289
Dare,2020-10-03,3,292
Dare,2020-10-04,4,296
Dare,2020-10-06,1,297
Dare,2020-10-07,1,298
Dare,2020-10-08,6,304
Dare,2020-10-09,2,306
Dare,2020-10-11,4,310
Dare,2020-10-12,3,313
Dare,2020-10-14,5,318
Dare,2020-10-15,2,320
Dare,2020-10-16,8,328
Dare,2020-10-17,7,335
Dare,2020-10-18,4,339
Dare,2020-10-19,2,341
Dare,2020-10-20,7,348
Dare,2020-10-21,5,353
Dare,2020-10-22,3,356
Dare,2020-10-23,5,361
Dare,2020-10-24,2,363
Dare,2020-10-25,3,366
Dare,2020-10-26,1,367
Dare,2020-10-27,3,370
Dare,2020-10-28,3,373
Dare,2020-10-29,6,379
Dare,2020-10-30,3,382
Dare,2020-10-31,10,392
Dare,2020-11-01,4,396
Dare,2020-11-02,2,398
Dare,2020-11-03,15,413
Dare,2020-11-04,10,423
Dare,2020-11-05,5,428
Dare,2020-11-06,6,434
Dare,2020-11-07,14,448
Dare,2020-11-08,2,450
Dare,2020-11-09,9,459
Dare,2020-11-10,15,474
Dare,2020-11-11,20,494
Dare,2020-11-12,13,507
Dare,2020-11-13,12,519
Dare,2020-11-14,16,535
Dare,2020-11-15,8,543
Dare,2020-11-16,3,546
Dare,2020-11-17,17,563
Dare,2020-11-18,11,574
Dare,2020-11-19,7,581
Dare,2020-11-20,7,588
Dare,2020-11-21,5,593
Dare,2020-11-22,2,595
Dare,2020-11-23,10,605
Dare,2020-11-24,7,612
Dare,2020-11-25,14,626
Dare,2020-11-26,11,637
Dare,2020-11-27,1,638
Dare,2020-11-28,4,642
Dare,2020-11-29,11,653
Dare,2020-11-30,4,657
Dare,2020-12-01,18,675
Dare,2020-12-02,17,692
Dare,2020-12-03,8,700
Dare,2020-12-04,10,710
Dare,2020-12-05,10,720
Dare,2020-12-06,12,732
Dare,2020-12-07,10,742
Dare,2020-12-08,6,748
Dare,2020-12-09,14,762
Dare,2020-12-10,16,778
Dare,2020-12-11,13,791
Dare,2020-12-12,6,797
Dare,2020-12-13,4,801
Dare,2020-12-14,8,809
Dare,2020-12-15,6,815
Davidson,2020-03-19,1,1
Davidson,2020-03-22,1,2
Davidson,2020-03-25,1,3
Davidson,2020-03-26,1,4
Davidson,2020-03-27,10,14
Davidson,2020-03-28,1,15
Davidson,2020-03-29,1,16
Davidson,2020-03-30,3,19
Davidson,2020-03-31,8,27
Davidson,2020-04-01,8,35
Davidson,2020-04-02,7,42
Davidson,2020-04-03,10,52
Davidson,2020-04-04,4,56
Davidson,2020-04-05,5,61
Davidson,2020-04-06,6,67
Davidson,2020-04-07,5,72
Davidson,2020-04-08,4,76
Davidson,2020-04-09,2,78
Davidson,2020-04-10,3,81
Davidson,2020-04-11,2,83
Davidson,2020-04-13,3,86
Davidson,2020-04-14,1,87
Davidson,2020-04-15,4,91
Davidson,2020-04-16,2,93
Davidson,2020-04-17,2,95
Davidson,2020-04-18,1,96
Davidson,2020-04-21,4,100
Davidson,2020-04-22,4,104
Davidson,2020-04-23,6,110
Davidson,2020-04-24,11,121
Davidson,2020-04-25,17,138
Davidson,2020-04-26,1,139
Davidson,2020-04-27,17,156
Davidson,2020-04-28,3,159
Davidson,2020-04-29,3,162
Davidson,2020-04-30,3,165
Davidson,2020-05-01,8,173
Davidson,2020-05-03,2,175
Davidson,2020-05-04,4,179
Davidson,2020-05-05,7,186
Davidson,2020-05-06,5,191
Davidson,2020-05-07,7,198
Davidson,2020-05-08,3,201
Davidson,2020-05-09,1,202
Davidson,2020-05-10,5,207
Davidson,2020-05-11,19,226
Davidson,2020-05-12,10,236
Davidson,2020-05-13,11,247
Davidson,2020-05-14,12,259
Davidson,2020-05-15,18,277
Davidson,2020-05-16,14,291
Davidson,2020-05-17,2,293
Davidson,2020-05-18,9,302
Davidson,2020-05-19,10,312
Davidson,2020-05-20,9,321
Davidson,2020-05-21,8,329
Davidson,2020-05-22,14,343
Davidson,2020-05-23,5,348
Davidson,2020-05-24,4,352
Davidson,2020-05-25,4,356
Davidson,2020-05-26,1,357
Davidson,2020-05-27,11,368
Davidson,2020-05-28,18,386
Davidson,2020-05-29,15,401
Davidson,2020-05-30,16,417
Davidson,2020-05-31,12,429
Davidson,2020-06-01,2,431
Davidson,2020-06-02,19,450
Davidson,2020-06-03,32,482
Davidson,2020-06-04,18,500
Davidson,2020-06-05,6,506
Davidson,2020-06-06,9,515
Davidson,2020-06-07,9,524
Davidson,2020-06-08,9,533
Davidson,2020-06-09,14,547
Davidson,2020-06-10,13,560
Davidson,2020-06-11,32,592
Davidson,2020-06-12,27,619
Davidson,2020-06-13,22,641
Davidson,2020-06-14,14,655
Davidson,2020-06-15,10,665
Davidson,2020-06-16,16,681
Davidson,2020-06-17,19,700
Davidson,2020-06-18,27,727
Davidson,2020-06-19,3,730
Davidson,2020-06-20,7,737
Davidson,2020-06-21,20,757
Davidson,2020-06-22,18,775
Davidson,2020-06-23,22,797
Davidson,2020-06-24,37,834
Davidson,2020-06-25,37,871
Davidson,2020-06-26,41,912
Davidson,2020-06-27,12,924
Davidson,2020-06-28,10,934
Davidson,2020-06-29,17,951
Davidson,2020-06-30,44,995
Davidson,2020-07-01,22,1017
Davidson,2020-07-02,27,1044
Davidson,2020-07-03,21,1065
Davidson,2020-07-04,14,1079
Davidson,2020-07-05,29,1108
Davidson,2020-07-06,14,1122
Davidson,2020-07-07,21,1143
Davidson,2020-07-08,38,1181
Davidson,2020-07-09,34,1215
Davidson,2020-07-10,20,1235
Davidson,2020-07-11,17,1252
Davidson,2020-07-12,10,1262
Davidson,2020-07-13,26,1288
Davidson,2020-07-14,17,1305
Davidson,2020-07-15,22,1327
Davidson,2020-07-16,30,1357
Davidson,2020-07-17,39,1396
Davidson,2020-07-18,15,1411
Davidson,2020-07-19,17,1428
Davidson,2020-07-20,27,1455
Davidson,2020-07-21,4,1459
Davidson,2020-07-22,20,1479
Davidson,2020-07-23,24,1503
Davidson,2020-07-24,13,1516
Davidson,2020-07-25,21,1537
Davidson,2020-07-26,23,1560
Davidson,2020-07-27,14,1574
Davidson,2020-07-28,9,1583
Davidson,2020-07-29,29,1612
Davidson,2020-07-30,11,1623
Davidson,2020-07-31,19,1642
Davidson,2020-08-01,9,1651
Davidson,2020-08-02,13,1664
Davidson,2020-08-03,21,1685
Davidson,2020-08-04,17,1702
Davidson,2020-08-05,16,1718
Davidson,2020-08-06,37,1755
Davidson,2020-08-07,24,1779
Davidson,2020-08-08,16,1795
Davidson,2020-08-09,13,1808
Davidson,2020-08-10,14,1822
Davidson,2020-08-11,10,1832
Davidson,2020-08-12,19,1851
Davidson,2020-08-13,15,1866
Davidson,2020-08-14,17,1883
Davidson,2020-08-15,18,1901
Davidson,2020-08-16,8,1909
Davidson,2020-08-17,21,1930
Davidson,2020-08-18,14,1944
Davidson,2020-08-19,30,1974
Davidson,2020-08-20,29,2003
Davidson,2020-08-21,7,2010
Davidson,2020-08-22,23,2033
Davidson,2020-08-23,20,2053
Davidson,2020-08-24,17,2070
Davidson,2020-08-25,13,2083
Davidson,2020-08-26,26,2109
Davidson,2020-08-27,27,2136
Davidson,2020-08-28,25,2161
Davidson,2020-08-29,13,2174
Davidson,2020-08-30,19,2193
Davidson,2020-08-31,15,2208
Davidson,2020-09-01,12,2220
Davidson,2020-09-02,16,2236
Davidson,2020-09-03,24,2260
Davidson,2020-09-04,24,2284
Davidson,2020-09-05,20,2304
Davidson,2020-09-06,13,2317
Davidson,2020-09-07,10,2327
Davidson,2020-09-08,16,2343
Davidson,2020-09-09,14,2357
Davidson,2020-09-10,43,2400
Davidson,2020-09-11,24,2424
Davidson,2020-09-12,26,2450
Davidson,2020-09-13,15,2465
Davidson,2020-09-14,21,2486
Davidson,2020-09-15,25,2511
Davidson,2020-09-16,15,2526
Davidson,2020-09-17,41,2567
Davidson,2020-09-18,24,2591
Davidson,2020-09-19,21,2612
Davidson,2020-09-20,19,2631
Davidson,2020-09-21,17,2648
Davidson,2020-09-22,8,2656
Davidson,2020-09-23,34,2690
Davidson,2020-09-24,23,2713
Davidson,2020-09-25,30,2743
Davidson,2020-09-26,20,2763
Davidson,2020-09-27,23,2786
Davidson,2020-09-28,21,2807
Davidson,2020-09-29,21,2828
Davidson,2020-09-30,49,2877
Davidson,2020-10-01,31,2908
Davidson,2020-10-02,46,2954
Davidson,2020-10-03,27,2981
Davidson,2020-10-04,16,2997
Davidson,2020-10-05,19,3016
Davidson,2020-10-06,26,3042
Davidson,2020-10-07,48,3090
Davidson,2020-10-08,42,3132
Davidson,2020-10-09,47,3179
Davidson,2020-10-10,27,3206
Davidson,2020-10-11,30,3236
Davidson,2020-10-12,29,3265
Davidson,2020-10-13,38,3303
Davidson,2020-10-14,38,3341
Davidson,2020-10-15,36,3377
Davidson,2020-10-16,34,3411
Davidson,2020-10-17,36,3447
Davidson,2020-10-18,28,3475
Davidson,2020-10-19,19,3494
Davidson,2020-10-20,36,3530
Davidson,2020-10-21,34,3564
Davidson,2020-10-22,35,3599
Davidson,2020-10-23,34,3633
Davidson,2020-10-24,27,3660
Davidson,2020-10-25,32,3692
Davidson,2020-10-26,21,3713
Davidson,2020-10-27,27,3740
Davidson,2020-10-28,29,3769
Davidson,2020-10-29,26,3795
Davidson,2020-10-30,44,3839
Davidson,2020-10-31,22,3861
Davidson,2020-11-01,11,3872
Davidson,2020-11-02,26,3898
Davidson,2020-11-03,33,3931
Davidson,2020-11-04,49,3980
Davidson,2020-11-05,56,4036
Davidson,2020-11-06,37,4073
Davidson,2020-11-07,37,4110
Davidson,2020-11-08,38,4148
Davidson,2020-11-09,29,4177
Davidson,2020-11-10,42,4219
Davidson,2020-11-11,47,4266
Davidson,2020-11-12,51,4317
Davidson,2020-11-13,41,4358
Davidson,2020-11-14,49,4407
Davidson,2020-11-15,57,4464
Davidson,2020-11-16,57,4521
Davidson,2020-11-17,69,4590
Davidson,2020-11-18,62,4652
Davidson,2020-11-19,80,4732
Davidson,2020-11-20,64,4796
Davidson,2020-11-21,45,4841
Davidson,2020-11-22,49,4890
Davidson,2020-11-23,50,4940
Davidson,2020-11-24,52,4992
Davidson,2020-11-25,92,5084
Davidson,2020-11-26,45,5129
Davidson,2020-11-27,53,5182
Davidson,2020-11-28,50,5232
Davidson,2020-11-29,32,5264
Davidson,2020-11-30,58,5322
Davidson,2020-12-01,67,5389
Davidson,2020-12-02,85,5474
Davidson,2020-12-03,110,5584
Davidson,2020-12-04,95,5679
Davidson,2020-12-05,93,5772
Davidson,2020-12-06,68,5840
Davidson,2020-12-07,93,5933
Davidson,2020-12-08,73,6006
Davidson,2020-12-09,111,6117
Davidson,2020-12-10,113,6230
Davidson,2020-12-11,88,6318
Davidson,2020-12-12,103,6421
Davidson,2020-12-13,79,6500
Davidson,2020-12-14,60,6560
Davidson,2020-12-15,89,6649
Davie,2020-03-21,1,1
Davie,2020-03-26,1,2
Davie,2020-03-27,2,4
Davie,2020-03-28,2,6
Davie,2020-03-30,5,11
Davie,2020-04-02,1,12
Davie,2020-04-03,2,14
Davie,2020-04-04,2,16
Davie,2020-04-05,1,17
Davie,2020-04-06,3,20
Davie,2020-04-08,1,21
Davie,2020-04-09,1,22
Davie,2020-04-15,1,23
Davie,2020-04-20,1,24
Davie,2020-04-23,4,28
Davie,2020-04-24,1,29
Davie,2020-04-29,1,30
Davie,2020-04-30,1,31
Davie,2020-05-08,1,32
Davie,2020-05-09,3,35
Davie,2020-05-10,1,36
Davie,2020-05-11,1,37
Davie,2020-05-12,1,38
Davie,2020-05-13,2,40
Davie,2020-05-14,3,43
Davie,2020-05-15,2,45
Davie,2020-05-16,2,47
Davie,2020-05-17,1,48
Davie,2020-05-18,3,51
Davie,2020-05-19,4,55
Davie,2020-05-20,1,56
Davie,2020-05-21,6,62
Davie,2020-05-22,5,67
Davie,2020-05-23,2,69
Davie,2020-05-24,5,74
Davie,2020-05-25,2,76
Davie,2020-05-26,4,80
Davie,2020-05-27,2,82
Davie,2020-05-28,5,87
Davie,2020-05-29,4,91
Davie,2020-05-30,7,98
Davie,2020-05-31,4,102
Davie,2020-06-01,2,104
Davie,2020-06-02,1,105
Davie,2020-06-03,2,107
Davie,2020-06-04,3,110
Davie,2020-06-05,7,117
Davie,2020-06-06,1,118
Davie,2020-06-07,1,119
Davie,2020-06-08,3,122
Davie,2020-06-09,7,129
Davie,2020-06-10,3,132
Davie,2020-06-11,2,134
Davie,2020-06-12,2,136
Davie,2020-06-13,4,140
Davie,2020-06-14,3,143
Davie,2020-06-15,2,145
Davie,2020-06-17,7,152
Davie,2020-06-18,3,155
Davie,2020-06-19,1,156
Davie,2020-06-20,2,158
Davie,2020-06-21,1,159
Davie,2020-06-22,4,163
Davie,2020-06-23,3,166
Davie,2020-06-24,6,172
Davie,2020-06-25,5,177
Davie,2020-06-26,7,184
Davie,2020-06-27,8,192
Davie,2020-06-28,5,197
Davie,2020-06-29,3,200
Davie,2020-06-30,5,205
Davie,2020-07-01,5,210
Davie,2020-07-02,4,214
Davie,2020-07-03,3,217
Davie,2020-07-04,5,222
Davie,2020-07-05,9,231
Davie,2020-07-06,5,236
Davie,2020-07-07,1,237
Davie,2020-07-08,1,238
Davie,2020-07-09,4,242
Davie,2020-07-10,7,249
Davie,2020-07-11,4,253
Davie,2020-07-12,2,255
Davie,2020-07-13,1,256
Davie,2020-07-14,5,261
Davie,2020-07-15,2,263
Davie,2020-07-16,4,267
Davie,2020-07-17,3,270
Davie,2020-07-18,4,274
Davie,2020-07-19,3,277
Davie,2020-07-20,3,280
Davie,2020-07-21,2,282
Davie,2020-07-22,4,286
Davie,2020-07-23,7,293
Davie,2020-07-24,4,297
Davie,2020-07-25,4,301
Davie,2020-07-26,8,309
Davie,2020-07-27,7,316
Davie,2020-07-28,11,327
Davie,2020-07-29,16,343
Davie,2020-07-30,9,352
Davie,2020-07-31,13,365
Davie,2020-08-01,8,373
Davie,2020-08-02,9,382
Davie,2020-08-03,4,386
Davie,2020-08-04,4,390
Davie,2020-08-05,13,403
Davie,2020-08-06,10,413
Davie,2020-08-07,7,420
Davie,2020-08-08,1,421
Davie,2020-08-09,1,422
Davie,2020-08-10,2,424
Davie,2020-08-11,2,426
Davie,2020-08-12,3,429
Davie,2020-08-13,3,432
Davie,2020-08-14,4,436
Davie,2020-08-15,1,437
Davie,2020-08-16,2,439
Davie,2020-08-17,2,441
Davie,2020-08-18,3,444
Davie,2020-08-19,7,451
Davie,2020-08-20,4,455
Davie,2020-08-21,2,457
Davie,2020-08-22,1,458
Davie,2020-08-23,4,462
Davie,2020-08-24,2,464
Davie,2020-08-25,1,465
Davie,2020-08-26,2,467
Davie,2020-08-27,6,473
Davie,2020-08-28,1,474
Davie,2020-08-29,9,483
Davie,2020-08-30,1,484
Davie,2020-08-31,1,485
Davie,2020-09-01,5,490
Davie,2020-09-02,5,495
Davie,2020-09-03,2,497
Davie,2020-09-04,1,498
Davie,2020-09-05,2,500
Davie,2020-09-06,2,502
Davie,2020-09-07,2,504
Davie,2020-09-09,2,506
Davie,2020-09-10,4,510
Davie,2020-09-11,8,518
Davie,2020-09-12,1,519
Davie,2020-09-13,1,520
Davie,2020-09-14,1,521
Davie,2020-09-15,2,523
Davie,2020-09-16,1,524
Davie,2020-09-17,2,526
Davie,2020-09-18,3,529
Davie,2020-09-19,4,533
Davie,2020-09-20,1,534
Davie,2020-09-21,3,537
Davie,2020-09-22,1,538
Davie,2020-09-23,5,543
Davie,2020-09-24,9,552
Davie,2020-09-25,3,555
Davie,2020-09-26,4,559
Davie,2020-09-27,3,562
Davie,2020-09-28,7,569
Davie,2020-09-29,5,574
Davie,2020-09-30,7,581
Davie,2020-10-01,3,584
Davie,2020-10-02,6,590
Davie,2020-10-03,4,594
Davie,2020-10-04,8,602
Davie,2020-10-05,1,603
Davie,2020-10-06,4,607
Davie,2020-10-07,8,615
Davie,2020-10-08,7,622
Davie,2020-10-09,7,629
Davie,2020-10-10,8,637
Davie,2020-10-11,7,644
Davie,2020-10-12,7,651
Davie,2020-10-13,13,664
Davie,2020-10-14,9,673
Davie,2020-10-15,8,681
Davie,2020-10-16,9,690
Davie,2020-10-17,7,697
Davie,2020-10-18,4,701
Davie,2020-10-19,6,707
Davie,2020-10-20,8,715
Davie,2020-10-21,6,721
Davie,2020-10-22,5,726
Davie,2020-10-23,5,731
Davie,2020-10-24,7,738
Davie,2020-10-25,6,744
Davie,2020-10-26,2,746
Davie,2020-10-27,10,756
Davie,2020-10-28,8,764
Davie,2020-10-29,6,770
Davie,2020-10-30,4,774
Davie,2020-10-31,9,783
Davie,2020-11-01,4,787
Davie,2020-11-02,7,794
Davie,2020-11-03,7,801
Davie,2020-11-04,12,813
Davie,2020-11-05,13,826
Davie,2020-11-06,14,840
Davie,2020-11-07,12,852
Davie,2020-11-08,10,862
Davie,2020-11-09,10,872
Davie,2020-11-10,22,894
Davie,2020-11-11,24,918
Davie,2020-11-12,15,933
Davie,2020-11-13,9,942
Davie,2020-11-14,8,950
Davie,2020-11-15,13,963
Davie,2020-11-16,18,981
Davie,2020-11-17,25,1006
Davie,2020-11-18,29,1035
Davie,2020-11-19,25,1060
Davie,2020-11-20,19,1079
Davie,2020-11-21,6,1085
Davie,2020-11-22,8,1093
Davie,2020-11-23,19,1112
Davie,2020-11-24,13,1125
Davie,2020-11-25,24,1149
Davie,2020-11-26,13,1162
Davie,2020-11-27,14,1176
Davie,2020-11-28,13,1189
Davie,2020-11-29,10,1199
Davie,2020-11-30,10,1209
Davie,2020-12-01,15,1224
Davie,2020-12-02,19,1243
Davie,2020-12-03,24,1267
Davie,2020-12-04,22,1289
Davie,2020-12-05,21,1310
Davie,2020-12-06,21,1331
Davie,2020-12-07,17,1348
Davie,2020-12-08,15,1363
Davie,2020-12-09,37,1400
Davie,2020-12-10,26,1426
Davie,2020-12-11,17,1443
Davie,2020-12-12,28,1471
Davie,2020-12-13,26,1497
Davie,2020-12-14,13,1510
Davie,2020-12-15,32,1542
Duplin,2020-03-18,1,1
Duplin,2020-03-19,1,2
Duplin,2020-04-02,2,4
Duplin,2020-04-03,1,5
Duplin,2020-04-06,1,6
Duplin,2020-04-07,1,7
Duplin,2020-04-08,5,12
Duplin,2020-04-09,1,13
Duplin,2020-04-10,1,14
Duplin,2020-04-11,2,16
Duplin,2020-04-13,1,17
Duplin,2020-04-15,1,18
Duplin,2020-04-16,2,20
Duplin,2020-04-17,3,23
Duplin,2020-04-18,3,26
Duplin,2020-04-19,3,29
Duplin,2020-04-20,4,33
Duplin,2020-04-21,3,36
Duplin,2020-04-22,5,41
Duplin,2020-04-23,4,45
Duplin,2020-04-24,14,59
Duplin,2020-04-25,8,67
Duplin,2020-04-26,6,73
Duplin,2020-04-27,4,77
Duplin,2020-04-28,2,79
Duplin,2020-04-29,20,99
Duplin,2020-04-30,13,112
Duplin,2020-05-01,5,117
Duplin,2020-05-02,5,122
Duplin,2020-05-03,9,131
Duplin,2020-05-04,8,139
Duplin,2020-05-05,10,149
Duplin,2020-05-06,16,165
Duplin,2020-05-07,25,190
Duplin,2020-05-08,35,225
Duplin,2020-05-09,26,251
Duplin,2020-05-10,16,267
Duplin,2020-05-11,4,271
Duplin,2020-05-12,10,281
Duplin,2020-05-13,26,307
Duplin,2020-05-14,34,341
Duplin,2020-05-15,32,373
Duplin,2020-05-16,19,392
Duplin,2020-05-17,25,417
Duplin,2020-05-18,52,469
Duplin,2020-05-19,10,479
Duplin,2020-05-20,41,520
Duplin,2020-05-21,46,566
Duplin,2020-05-22,43,609
Duplin,2020-05-23,34,643
Duplin,2020-05-24,31,674
Duplin,2020-05-25,16,690
Duplin,2020-05-26,40,730
Duplin,2020-05-27,10,740
Duplin,2020-05-28,34,774
Duplin,2020-05-29,45,819
Duplin,2020-05-30,37,856
Duplin,2020-05-31,16,872
Duplin,2020-06-01,19,891
Duplin,2020-06-02,19,910
Duplin,2020-06-03,30,940
Duplin,2020-06-04,38,978
Duplin,2020-06-05,22,1000
Duplin,2020-06-06,37,1037
Duplin,2020-06-07,45,1082
Duplin,2020-06-08,12,1094
Duplin,2020-06-09,14,1108
Duplin,2020-06-10,22,1130
Duplin,2020-06-11,37,1167
Duplin,2020-06-12,11,1178
Duplin,2020-06-13,38,1216
Duplin,2020-06-14,35,1251
Duplin,2020-06-15,8,1259
Duplin,2020-06-16,6,1265
Duplin,2020-06-17,34,1299
Duplin,2020-06-18,32,1331
Duplin,2020-06-19,33,1364
Duplin,2020-06-20,13,1377
Duplin,2020-06-21,20,1397
Duplin,2020-06-22,4,1401
Duplin,2020-06-23,10,1411
Duplin,2020-06-24,9,1420
Duplin,2020-06-25,26,1446
Duplin,2020-06-26,17,1463
Duplin,2020-06-27,13,1476
Duplin,2020-06-28,18,1494
Duplin,2020-06-29,6,1500
Duplin,2020-06-30,15,1515
Duplin,2020-07-01,23,1538
Duplin,2020-07-02,13,1551
Duplin,2020-07-03,13,1564
Duplin,2020-07-04,17,1581
Duplin,2020-07-05,12,1593
Duplin,2020-07-06,13,1606
Duplin,2020-07-07,18,1624
Duplin,2020-07-08,13,1637
Duplin,2020-07-09,6,1643
Duplin,2020-07-10,16,1659
Duplin,2020-07-11,8,1667
Duplin,2020-07-12,9,1676
Duplin,2020-07-13,17,1693
Duplin,2020-07-14,25,1718
Duplin,2020-07-15,5,1723
Duplin,2020-07-16,7,1730
Duplin,2020-07-17,7,1737
Duplin,2020-07-18,22,1759
Duplin,2020-07-19,10,1769
Duplin,2020-07-20,15,1784
Duplin,2020-07-21,17,1801
Duplin,2020-07-22,13,1814
Duplin,2020-07-23,11,1825
Duplin,2020-07-24,10,1835
Duplin,2020-07-25,19,1854
Duplin,2020-07-26,15,1869
Duplin,2020-07-27,15,1884
Duplin,2020-07-28,10,1894
Duplin,2020-07-29,8,1902
Duplin,2020-07-30,14,1916
Duplin,2020-07-31,11,1927
Duplin,2020-08-01,9,1936
Duplin,2020-08-02,1,1937
Duplin,2020-08-03,6,1943
Duplin,2020-08-04,6,1949
Duplin,2020-08-05,8,1957
Duplin,2020-08-06,7,1964
Duplin,2020-08-07,23,1987
Duplin,2020-08-08,3,1990
Duplin,2020-08-09,2,1992
Duplin,2020-08-10,3,1995
Duplin,2020-08-11,3,1998
Duplin,2020-08-12,5,2003
Duplin,2020-08-13,4,2007
Duplin,2020-08-14,6,2013
Duplin,2020-08-15,3,2016
Duplin,2020-08-16,2,2018
Duplin,2020-08-17,6,2024
Duplin,2020-08-18,5,2029
Duplin,2020-08-19,3,2032
Duplin,2020-08-20,2,2034
Duplin,2020-08-21,4,2038
Duplin,2020-08-22,5,2043
Duplin,2020-08-23,2,2045
Duplin,2020-08-24,1,2046
Duplin,2020-08-25,3,2049
Duplin,2020-08-26,4,2053
Duplin,2020-08-27,2,2055
Duplin,2020-08-28,3,2058
Duplin,2020-08-29,3,2061
Duplin,2020-08-30,5,2066
Duplin,2020-08-31,1,2067
Duplin,2020-09-01,2,2069
Duplin,2020-09-02,4,2073
Duplin,2020-09-03,2,2075
Duplin,2020-09-04,5,2080
Duplin,2020-09-05,2,2082
Duplin,2020-09-06,1,2083
Duplin,2020-09-08,1,2084
Duplin,2020-09-09,11,2095
Duplin,2020-09-10,6,2101
Duplin,2020-09-11,4,2105
Duplin,2020-09-12,1,2106
Duplin,2020-09-14,3,2109
Duplin,2020-09-15,3,2112
Duplin,2020-09-16,3,2115
Duplin,2020-09-17,7,2122
Duplin,2020-09-18,4,2126
Duplin,2020-09-19,3,2129
Duplin,2020-09-20,3,2132
Duplin,2020-09-21,4,2136
Duplin,2020-09-22,2,2138
Duplin,2020-09-23,8,2146
Duplin,2020-09-24,2,2148
Duplin,2020-09-25,3,2151
Duplin,2020-09-26,2,2153
Duplin,2020-09-27,0,2153
Duplin,2020-09-28,2,2155
Duplin,2020-09-29,1,2156
Duplin,2020-09-30,9,2165
Duplin,2020-10-01,9,2174
Duplin,2020-10-02,8,2182
Duplin,2020-10-03,9,2191
Duplin,2020-10-04,18,2209
Duplin,2020-10-05,4,2213
Duplin,2020-10-06,9,2222
Duplin,2020-10-07,5,2227
Duplin,2020-10-08,2,2229
Duplin,2020-10-09,7,2236
Duplin,2020-10-10,6,2242
Duplin,2020-10-11,12,2254
Duplin,2020-10-12,6,2260
Duplin,2020-10-13,1,2261
Duplin,2020-10-14,5,2266
Duplin,2020-10-15,13,2279
Duplin,2020-10-16,3,2282
Duplin,2020-10-17,2,2284
Duplin,2020-10-18,4,2288
Duplin,2020-10-19,3,2291
Duplin,2020-10-20,4,2295
Duplin,2020-10-21,7,2302
Duplin,2020-10-22,14,2316
Duplin,2020-10-23,6,2322
Duplin,2020-10-24,4,2326
Duplin,2020-10-25,16,2342
Duplin,2020-10-26,6,2348
Duplin,2020-10-27,12,2360
Duplin,2020-10-28,9,2369
Duplin,2020-10-29,11,2380
Duplin,2020-10-30,7,2387
Duplin,2020-10-31,13,2400
Duplin,2020-11-01,9,2409
Duplin,2020-11-02,4,2413
Duplin,2020-11-03,4,2417
Duplin,2020-11-04,6,2423
Duplin,2020-11-05,5,2428
Duplin,2020-11-06,4,2432
Duplin,2020-11-07,5,2437
Duplin,2020-11-08,9,2446
Duplin,2020-11-09,3,2449
Duplin,2020-11-10,9,2458
Duplin,2020-11-11,9,2467
Duplin,2020-11-12,17,2484
Duplin,2020-11-13,3,2487
Duplin,2020-11-14,18,2505
Duplin,2020-11-15,5,2510
Duplin,2020-11-16,13,2523
Duplin,2020-11-17,14,2537
Duplin,2020-11-18,20,2557
Duplin,2020-11-19,9,2566
Duplin,2020-11-20,10,2576
Duplin,2020-11-21,12,2588
Duplin,2020-11-22,13,2601
Duplin,2020-11-23,13,2614
Duplin,2020-11-24,12,2626
Duplin,2020-11-25,8,2634
Duplin,2020-11-26,11,2645
Duplin,2020-11-27,14,2659
Duplin,2020-11-28,14,2673
Duplin,2020-11-29,8,2681
Duplin,2020-11-30,5,2686
Duplin,2020-12-01,18,2704
Duplin,2020-12-02,10,2714
Duplin,2020-12-03,9,2723
Duplin,2020-12-04,15,2738
Duplin,2020-12-05,10,2748
Duplin,2020-12-06,8,2756
Duplin,2020-12-07,10,2766
Duplin,2020-12-08,23,2789
Duplin,2020-12-09,23,2812
Duplin,2020-12-10,17,2829
Duplin,2020-12-11,20,2849
Duplin,2020-12-12,15,2864
Duplin,2020-12-13,14,2878
Duplin,2020-12-14,11,2889
Duplin,2020-12-15,11,2900
Durham,2020-03-14,1,1
Durham,2020-03-17,11,12
Durham,2020-03-18,21,33
Durham,2020-03-20,6,39
Durham,2020-03-21,2,41
Durham,2020-03-22,2,43
Durham,2020-03-23,23,66
Durham,2020-03-24,7,73
Durham,2020-03-25,8,81
Durham,2020-03-26,9,90
Durham,2020-03-27,8,98
Durham,2020-03-28,6,104
Durham,2020-03-29,4,108
Durham,2020-03-30,18,126
Durham,2020-03-31,9,135
Durham,2020-04-01,21,156
Durham,2020-04-02,9,165
Durham,2020-04-03,21,186
Durham,2020-04-04,7,193
Durham,2020-04-05,2,195
Durham,2020-04-06,12,207
Durham,2020-04-07,23,230
Durham,2020-04-08,16,246
Durham,2020-04-09,12,258
Durham,2020-04-10,10,268
Durham,2020-04-11,7,275
Durham,2020-04-12,13,288
Durham,2020-04-13,19,307
Durham,2020-04-14,29,336
Durham,2020-04-15,18,354
Durham,2020-04-16,8,362
Durham,2020-04-17,17,379
Durham,2020-04-18,11,390
Durham,2020-04-19,19,409
Durham,2020-04-20,11,420
Durham,2020-04-21,23,443
Durham,2020-04-22,23,466
Durham,2020-04-23,33,499
Durham,2020-04-24,24,523
Durham,2020-04-25,22,545
Durham,2020-04-26,114,659
Durham,2020-04-27,49,708
Durham,2020-04-28,7,715
Durham,2020-04-29,18,733
Durham,2020-04-30,8,741
Durham,2020-05-01,29,770
Durham,2020-05-02,17,787
Durham,2020-05-03,5,792
Durham,2020-05-04,5,797
Durham,2020-05-05,19,816
Durham,2020-05-06,20,836
Durham,2020-05-07,10,846
Durham,2020-05-08,18,864
Durham,2020-05-09,13,877
Durham,2020-05-10,11,888
Durham,2020-05-11,11,899
Durham,2020-05-12,16,915
Durham,2020-05-13,28,943
Durham,2020-05-14,13,956
Durham,2020-05-15,28,984
Durham,2020-05-16,11,995
Durham,2020-05-17,33,1028
Durham,2020-05-18,24,1052
Durham,2020-05-19,28,1080
Durham,2020-05-20,49,1129
Durham,2020-05-21,37,1166
Durham,2020-05-22,57,1223
Durham,2020-05-23,28,1251
Durham,2020-05-24,46,1297
Durham,2020-05-25,26,1323
Durham,2020-05-26,24,1347
Durham,2020-05-27,63,1410
Durham,2020-05-28,78,1488
Durham,2020-05-29,56,1544
Durham,2020-05-30,72,1616
Durham,2020-05-31,51,1667
Durham,2020-06-01,51,1718
Durham,2020-06-02,63,1781
Durham,2020-06-03,59,1840
Durham,2020-06-04,102,1942
Durham,2020-06-05,101,2043
Durham,2020-06-06,80,2123
Durham,2020-06-07,88,2211
Durham,2020-06-08,49,2260
Durham,2020-06-09,89,2349
Durham,2020-06-10,70,2419
Durham,2020-06-11,77,2496
Durham,2020-06-12,92,2588
Durham,2020-06-13,105,2693
Durham,2020-06-14,68,2761
Durham,2020-06-15,56,2817
Durham,2020-06-16,86,2903
Durham,2020-06-17,59,2962
Durham,2020-06-18,70,3032
Durham,2020-06-19,75,3107
Durham,2020-06-20,96,3203
Durham,2020-06-21,36,3239
Durham,2020-06-22,45,3284
Durham,2020-06-23,71,3355
Durham,2020-06-24,73,3428
Durham,2020-06-25,76,3504
Durham,2020-06-26,66,3570
Durham,2020-06-27,50,3620
Durham,2020-06-28,54,3674
Durham,2020-06-29,31,3705
Durham,2020-06-30,112,3817
Durham,2020-07-01,93,3910
Durham,2020-07-02,77,3987
Durham,2020-07-03,53,4040
Durham,2020-07-04,73,4113
Durham,2020-07-05,27,4140
Durham,2020-07-06,35,4175
Durham,2020-07-07,54,4229
Durham,2020-07-08,88,4317
Durham,2020-07-09,83,4400
Durham,2020-07-10,71,4471
Durham,2020-07-11,81,4552
Durham,2020-07-12,72,4624
Durham,2020-07-13,70,4694
Durham,2020-07-14,63,4757
Durham,2020-07-15,73,4830
Durham,2020-07-16,75,4905
Durham,2020-07-17,70,4975
Durham,2020-07-18,68,5043
Durham,2020-07-19,62,5105
Durham,2020-07-20,68,5173
Durham,2020-07-21,46,5219
Durham,2020-07-22,88,5307
Durham,2020-07-23,62,5369
Durham,2020-07-24,60,5429
Durham,2020-07-25,58,5487
Durham,2020-07-26,46,5533
Durham,2020-07-27,32,5565
Durham,2020-07-28,62,5627
Durham,2020-07-29,54,5681
Durham,2020-07-30,76,5757
Durham,2020-07-31,66,5823
Durham,2020-08-01,45,5868
Durham,2020-08-02,27,5895
Durham,2020-08-03,34,5929
Durham,2020-08-04,45,5974
Durham,2020-08-05,48,6022
Durham,2020-08-06,47,6069
Durham,2020-08-07,25,6094
Durham,2020-08-08,60,6154
Durham,2020-08-09,35,6189
Durham,2020-08-10,22,6211
Durham,2020-08-11,34,6245
Durham,2020-08-12,55,6300
Durham,2020-08-13,36,6336
Durham,2020-08-14,47,6383
Durham,2020-08-15,43,6426
Durham,2020-08-16,26,6452
Durham,2020-08-17,17,6469
Durham,2020-08-18,25,6494
Durham,2020-08-19,48,6542
Durham,2020-08-20,24,6566
Durham,2020-08-21,43,6609
Durham,2020-08-22,25,6634
Durham,2020-08-23,23,6657
Durham,2020-08-24,24,6681
Durham,2020-08-25,48,6729
Durham,2020-08-26,59,6788
Durham,2020-08-27,48,6836
Durham,2020-08-28,25,6861
Durham,2020-08-29,37,6898
Durham,2020-08-30,29,6927
Durham,2020-08-31,27,6954
Durham,2020-09-01,26,6980
Durham,2020-09-02,46,7026
Durham,2020-09-03,37,7063
Durham,2020-09-04,40,7103
Durham,2020-09-05,17,7120
Durham,2020-09-06,12,7132
Durham,2020-09-07,15,7147
Durham,2020-09-08,14,7161
Durham,2020-09-09,47,7208
Durham,2020-09-10,26,7234
Durham,2020-09-11,35,7269
Durham,2020-09-12,27,7296
Durham,2020-09-13,11,7307
Durham,2020-09-14,16,7323
Durham,2020-09-15,47,7370
Durham,2020-09-16,37,7407
Durham,2020-09-17,29,7436
Durham,2020-09-18,43,7479
Durham,2020-09-19,22,7501
Durham,2020-09-20,21,7522
Durham,2020-09-21,31,7553
Durham,2020-09-22,26,7579
Durham,2020-09-23,46,7625
Durham,2020-09-24,24,7649
Durham,2020-09-25,43,7692
Durham,2020-09-26,34,7726
Durham,2020-09-27,17,7743
Durham,2020-09-28,28,7771
Durham,2020-09-29,48,7819
Durham,2020-09-30,40,7859
Durham,2020-10-01,35,7894
Durham,2020-10-02,37,7931
Durham,2020-10-03,20,7951
Durham,2020-10-04,42,7993
Durham,2020-10-05,18,8011
Durham,2020-10-06,47,8058
Durham,2020-10-07,58,8116
Durham,2020-10-08,50,8166
Durham,2020-10-09,47,8213
Durham,2020-10-10,44,8257
Durham,2020-10-11,33,8290
Durham,2020-10-12,21,8311
Durham,2020-10-13,72,8383
Durham,2020-10-14,54,8437
Durham,2020-10-15,50,8487
Durham,2020-10-16,34,8521
Durham,2020-10-17,40,8561
Durham,2020-10-18,34,8595
Durham,2020-10-19,30,8625
Durham,2020-10-20,55,8680
Durham,2020-10-21,52,8732
Durham,2020-10-22,34,8766
Durham,2020-10-23,65,8831
Durham,2020-10-24,34,8865
Durham,2020-10-25,38,8903
Durham,2020-10-26,92,8995
Durham,2020-10-27,46,9041
Durham,2020-10-28,58,9099
Durham,2020-10-29,76,9175
Durham,2020-10-30,63,9238
Durham,2020-10-31,48,9286
Durham,2020-11-01,40,9326
Durham,2020-11-02,78,9404
Durham,2020-11-03,50,9454
Durham,2020-11-04,58,9512
Durham,2020-11-05,107,9619
Durham,2020-11-06,76,9695
Durham,2020-11-07,50,9745
Durham,2020-11-08,52,9797
Durham,2020-11-09,80,9877
Durham,2020-11-10,84,9961
Durham,2020-11-11,59,10020
Durham,2020-11-12,107,10127
Durham,2020-11-13,80,10207
Durham,2020-11-14,86,10293
Durham,2020-11-15,49,10342
Durham,2020-11-16,73,10415
Durham,2020-11-17,55,10470
Durham,2020-11-18,68,10538
Durham,2020-11-19,77,10615
Durham,2020-11-20,97,10712
Durham,2020-11-21,48,10760
Durham,2020-11-22,56,10816
Durham,2020-11-23,75,10891
Durham,2020-11-24,103,10994
Durham,2020-11-25,115,11109
Durham,2020-11-26,75,11184
Durham,2020-11-27,67,11251
Durham,2020-11-28,59,11310
Durham,2020-11-29,45,11355
Durham,2020-11-30,98,11453
Durham,2020-12-01,67,11520
Durham,2020-12-02,120,11640
Durham,2020-12-03,106,11746
Durham,2020-12-04,78,11824
Durham,2020-12-05,97,11921
Durham,2020-12-06,85,12006
Durham,2020-12-07,140,12146
Durham,2020-12-08,103,12249
Durham,2020-12-09,163,12412
Durham,2020-12-10,119,12531
Durham,2020-12-11,167,12698
Durham,2020-12-12,101,12799
Durham,2020-12-13,55,12854
Durham,2020-12-14,106,12960
Durham,2020-12-15,91,13051
Edgecombe,2020-03-27,1,1
Edgecombe,2020-03-29,2,3
Edgecombe,2020-04-01,1,4
Edgecombe,2020-04-02,1,5
Edgecombe,2020-04-03,1,6
Edgecombe,2020-04-05,1,7
Edgecombe,2020-04-06,4,11
Edgecombe,2020-04-07,2,13
Edgecombe,2020-04-08,2,15
Edgecombe,2020-04-09,3,18
Edgecombe,2020-04-10,4,22
Edgecombe,2020-04-11,1,23
Edgecombe,2020-04-12,2,25
Edgecombe,2020-04-13,5,30
Edgecombe,2020-04-14,4,34
Edgecombe,2020-04-15,6,40
Edgecombe,2020-04-16,2,42
Edgecombe,2020-04-17,4,46
Edgecombe,2020-04-18,8,54
Edgecombe,2020-04-19,1,55
Edgecombe,2020-04-21,4,59
Edgecombe,2020-04-22,2,61
Edgecombe,2020-04-23,5,66
Edgecombe,2020-04-24,3,69
Edgecombe,2020-04-25,2,71
Edgecombe,2020-04-26,2,73
Edgecombe,2020-04-28,6,79
Edgecombe,2020-04-29,5,84
Edgecombe,2020-04-30,11,95
Edgecombe,2020-05-01,2,97
Edgecombe,2020-05-02,6,103
Edgecombe,2020-05-03,11,114
Edgecombe,2020-05-04,7,121
Edgecombe,2020-05-05,4,125
Edgecombe,2020-05-06,9,134
Edgecombe,2020-05-07,2,136
Edgecombe,2020-05-08,11,147
Edgecombe,2020-05-09,2,149
Edgecombe,2020-05-10,3,152
Edgecombe,2020-05-11,2,154
Edgecombe,2020-05-12,1,155
Edgecombe,2020-05-13,4,159
Edgecombe,2020-05-14,6,165
Edgecombe,2020-05-15,2,167
Edgecombe,2020-05-17,2,169
Edgecombe,2020-05-19,2,171
Edgecombe,2020-05-20,2,173
Edgecombe,2020-05-21,1,174
Edgecombe,2020-05-22,7,181
Edgecombe,2020-05-23,7,188
Edgecombe,2020-05-26,1,189
Edgecombe,2020-05-28,1,190
Edgecombe,2020-05-29,7,197
Edgecombe,2020-05-30,3,200
Edgecombe,2020-05-31,3,203
Edgecombe,2020-06-01,5,208
Edgecombe,2020-06-02,2,210
Edgecombe,2020-06-03,5,215
Edgecombe,2020-06-05,7,222
Edgecombe,2020-06-06,7,229
Edgecombe,2020-06-07,4,233
Edgecombe,2020-06-09,1,234
Edgecombe,2020-06-10,2,236
Edgecombe,2020-06-11,2,238
Edgecombe,2020-06-12,7,245
Edgecombe,2020-06-13,10,255
Edgecombe,2020-06-14,1,256
Edgecombe,2020-06-15,1,257
Edgecombe,2020-06-17,2,259
Edgecombe,2020-06-18,5,264
Edgecombe,2020-06-19,3,267
Edgecombe,2020-06-20,6,273
Edgecombe,2020-06-21,1,274
Edgecombe,2020-06-22,5,279
Edgecombe,2020-06-23,10,289
Edgecombe,2020-06-24,4,293
Edgecombe,2020-06-25,9,302
Edgecombe,2020-06-26,7,309
Edgecombe,2020-06-27,5,314
Edgecombe,2020-06-28,1,315
Edgecombe,2020-06-29,2,317
Edgecombe,2020-06-30,6,323
Edgecombe,2020-07-01,2,325
Edgecombe,2020-07-02,5,330
Edgecombe,2020-07-03,2,332
Edgecombe,2020-07-04,8,340
Edgecombe,2020-07-05,9,349
Edgecombe,2020-07-06,3,352
Edgecombe,2020-07-07,11,363
Edgecombe,2020-07-08,7,370
Edgecombe,2020-07-09,5,375
Edgecombe,2020-07-10,1,376
Edgecombe,2020-07-11,8,384
Edgecombe,2020-07-12,5,389
Edgecombe,2020-07-13,17,406
Edgecombe,2020-07-14,6,412
Edgecombe,2020-07-15,4,416
Edgecombe,2020-07-16,9,425
Edgecombe,2020-07-17,12,437
Edgecombe,2020-07-18,17,454
Edgecombe,2020-07-19,8,462
Edgecombe,2020-07-20,6,468
Edgecombe,2020-07-21,7,475
Edgecombe,2020-07-22,9,484
Edgecombe,2020-07-23,8,492
Edgecombe,2020-07-24,15,507
Edgecombe,2020-07-25,10,517
Edgecombe,2020-07-26,17,534
Edgecombe,2020-07-27,10,544
Edgecombe,2020-07-28,7,551
Edgecombe,2020-07-29,5,556
Edgecombe,2020-07-30,12,568
Edgecombe,2020-07-31,7,575
Edgecombe,2020-08-01,6,581
Edgecombe,2020-08-02,9,590
Edgecombe,2020-08-03,9,599
Edgecombe,2020-08-04,8,607
Edgecombe,2020-08-05,14,621
Edgecombe,2020-08-06,6,627
Edgecombe,2020-08-07,8,635
Edgecombe,2020-08-08,17,652
Edgecombe,2020-08-09,10,662
Edgecombe,2020-08-10,11,673
Edgecombe,2020-08-11,5,678
Edgecombe,2020-08-12,27,705
Edgecombe,2020-08-13,18,723
Edgecombe,2020-08-14,19,742
Edgecombe,2020-08-15,13,755
Edgecombe,2020-08-16,6,761
Edgecombe,2020-08-17,19,780
Edgecombe,2020-08-18,9,789
Edgecombe,2020-08-19,8,797
Edgecombe,2020-08-20,31,828
Edgecombe,2020-08-21,21,849
Edgecombe,2020-08-22,7,856
Edgecombe,2020-08-23,5,861
Edgecombe,2020-08-24,8,869
Edgecombe,2020-08-25,18,887
Edgecombe,2020-08-26,22,909
Edgecombe,2020-08-27,28,937
Edgecombe,2020-08-28,12,949
Edgecombe,2020-08-29,11,960
Edgecombe,2020-08-30,14,974
Edgecombe,2020-08-31,9,983
Edgecombe,2020-09-01,45,1028
Edgecombe,2020-09-02,22,1050
Edgecombe,2020-09-03,12,1062
Edgecombe,2020-09-04,15,1077
Edgecombe,2020-09-05,9,1086
Edgecombe,2020-09-06,6,1092
Edgecombe,2020-09-07,7,1099
Edgecombe,2020-09-08,19,1118
Edgecombe,2020-09-09,16,1134
Edgecombe,2020-09-10,25,1159
Edgecombe,2020-09-11,13,1172
Edgecombe,2020-09-12,8,1180
Edgecombe,2020-09-13,7,1187
Edgecombe,2020-09-14,12,1199
Edgecombe,2020-09-15,20,1219
Edgecombe,2020-09-16,15,1234
Edgecombe,2020-09-17,16,1250
Edgecombe,2020-09-18,18,1268
Edgecombe,2020-09-19,8,1276
Edgecombe,2020-09-20,8,1284
Edgecombe,2020-09-21,10,1294
Edgecombe,2020-09-22,6,1300
Edgecombe,2020-09-23,22,1322
Edgecombe,2020-09-24,13,1335
Edgecombe,2020-09-25,12,1347
Edgecombe,2020-09-26,5,1352
Edgecombe,2020-09-27,5,1357
Edgecombe,2020-09-28,12,1369
Edgecombe,2020-09-29,8,1377
Edgecombe,2020-09-30,31,1408
Edgecombe,2020-10-01,16,1424
Edgecombe,2020-10-02,23,1447
Edgecombe,2020-10-03,15,1462
Edgecombe,2020-10-04,9,1471
Edgecombe,2020-10-05,7,1478
Edgecombe,2020-10-06,24,1502
Edgecombe,2020-10-07,22,1524
Edgecombe,2020-10-08,30,1554
Edgecombe,2020-10-09,30,1584
Edgecombe,2020-10-10,23,1607
Edgecombe,2020-10-11,11,1618
Edgecombe,2020-10-12,33,1651
Edgecombe,2020-10-13,37,1688
Edgecombe,2020-10-14,23,1711
Edgecombe,2020-10-15,34,1745
Edgecombe,2020-10-16,33,1778
Edgecombe,2020-10-17,9,1787
Edgecombe,2020-10-18,7,1794
Edgecombe,2020-10-19,11,1805
Edgecombe,2020-10-20,35,1840
Edgecombe,2020-10-21,26,1866
Edgecombe,2020-10-22,20,1886
Edgecombe,2020-10-23,19,1905
Edgecombe,2020-10-24,12,1917
Edgecombe,2020-10-25,16,1933
Edgecombe,2020-10-26,10,1943
Edgecombe,2020-10-27,22,1965
Edgecombe,2020-10-28,22,1987
Edgecombe,2020-10-29,18,2005
Edgecombe,2020-10-30,21,2026
Edgecombe,2020-10-31,11,2037
Edgecombe,2020-11-01,9,2046
Edgecombe,2020-11-02,14,2060
Edgecombe,2020-11-03,20,2080
Edgecombe,2020-11-04,9,2089
Edgecombe,2020-11-05,16,2105
Edgecombe,2020-11-06,9,2114
Edgecombe,2020-11-07,13,2127
Edgecombe,2020-11-08,9,2136
Edgecombe,2020-11-09,9,2145
Edgecombe,2020-11-10,20,2165
Edgecombe,2020-11-11,31,2196
Edgecombe,2020-11-12,32,2228
Edgecombe,2020-11-13,9,2237
Edgecombe,2020-11-14,15,2252
Edgecombe,2020-11-15,3,2255
Edgecombe,2020-11-16,13,2268
Edgecombe,2020-11-17,22,2290
Edgecombe,2020-11-18,17,2307
Edgecombe,2020-11-19,20,2327
Edgecombe,2020-11-20,22,2349
Edgecombe,2020-11-21,19,2368
Edgecombe,2020-11-22,9,2377
Edgecombe,2020-11-23,19,2396
Edgecombe,2020-11-24,33,2429
Edgecombe,2020-11-25,17,2446
Edgecombe,2020-11-26,21,2467
Edgecombe,2020-11-27,15,2482
Edgecombe,2020-11-28,13,2495
Edgecombe,2020-11-29,15,2510
Edgecombe,2020-11-30,14,2524
Edgecombe,2020-12-01,24,2548
Edgecombe,2020-12-02,21,2569
Edgecombe,2020-12-03,26,2595
Edgecombe,2020-12-04,29,2624
Edgecombe,2020-12-05,30,2654
Edgecombe,2020-12-06,18,2672
Edgecombe,2020-12-07,27,2699
Edgecombe,2020-12-08,30,2729
Edgecombe,2020-12-09,25,2754
Edgecombe,2020-12-10,30,2784
Edgecombe,2020-12-11,30,2814
Edgecombe,2020-12-12,15,2829
Edgecombe,2020-12-13,11,2840
Edgecombe,2020-12-14,18,2858
Edgecombe,2020-12-15,13,2871
Forsyth,2020-03-12,2,2
Forsyth,2020-03-19,5,7
Forsyth,2020-03-20,1,8
Forsyth,2020-03-21,4,12
Forsyth,2020-03-24,2,14
Forsyth,2020-03-25,3,17
Forsyth,2020-03-27,8,25
Forsyth,2020-03-28,8,33
Forsyth,2020-03-29,3,36
Forsyth,2020-03-30,4,40
Forsyth,2020-03-31,2,42
Forsyth,2020-04-01,14,56
Forsyth,2020-04-02,7,63
Forsyth,2020-04-03,18,81
Forsyth,2020-04-04,4,85
Forsyth,2020-04-05,8,93
Forsyth,2020-04-06,5,98
Forsyth,2020-04-07,6,104
Forsyth,2020-04-08,4,108
Forsyth,2020-04-09,3,111
Forsyth,2020-04-10,1,112
Forsyth,2020-04-11,1,113
Forsyth,2020-04-12,1,114
Forsyth,2020-04-13,3,117
Forsyth,2020-04-14,3,120
Forsyth,2020-04-15,1,121
Forsyth,2020-04-16,1,122
Forsyth,2020-04-17,3,125
Forsyth,2020-04-18,1,126
Forsyth,2020-04-19,1,127
Forsyth,2020-04-20,1,128
Forsyth,2020-04-21,11,139
Forsyth,2020-04-22,1,140
Forsyth,2020-04-23,4,144
Forsyth,2020-04-24,7,151
Forsyth,2020-04-25,1,152
Forsyth,2020-04-26,15,167
Forsyth,2020-04-27,15,182
Forsyth,2020-04-28,15,197
Forsyth,2020-04-29,21,218
Forsyth,2020-04-30,27,245
Forsyth,2020-05-01,19,264
Forsyth,2020-05-02,11,275
Forsyth,2020-05-03,9,284
Forsyth,2020-05-04,4,288
Forsyth,2020-05-05,26,314
Forsyth,2020-05-06,18,332
Forsyth,2020-05-07,18,350
Forsyth,2020-05-08,17,367
Forsyth,2020-05-09,17,384
Forsyth,2020-05-10,6,390
Forsyth,2020-05-11,10,400
Forsyth,2020-05-12,49,449
Forsyth,2020-05-13,62,511
Forsyth,2020-05-14,64,575
Forsyth,2020-05-15,51,626
Forsyth,2020-05-16,34,660
Forsyth,2020-05-17,24,684
Forsyth,2020-05-18,17,701
Forsyth,2020-05-19,44,745
Forsyth,2020-05-20,55,800
Forsyth,2020-05-21,47,847
Forsyth,2020-05-22,35,882
Forsyth,2020-05-23,32,914
Forsyth,2020-05-24,25,939
Forsyth,2020-05-25,35,974
Forsyth,2020-05-26,51,1025
Forsyth,2020-05-27,60,1085
Forsyth,2020-05-28,89,1174
Forsyth,2020-05-29,78,1252
Forsyth,2020-05-30,99,1351
Forsyth,2020-05-31,50,1401
Forsyth,2020-06-01,37,1438
Forsyth,2020-06-02,46,1484
Forsyth,2020-06-03,84,1568
Forsyth,2020-06-04,101,1669
Forsyth,2020-06-05,59,1728
Forsyth,2020-06-06,56,1784
Forsyth,2020-06-07,53,1837
Forsyth,2020-06-08,51,1888
Forsyth,2020-06-09,33,1921
Forsyth,2020-06-10,50,1971
Forsyth,2020-06-11,88,2059
Forsyth,2020-06-12,74,2133
Forsyth,2020-06-13,78,2211
Forsyth,2020-06-14,46,2257
Forsyth,2020-06-15,30,2287
Forsyth,2020-06-16,51,2338
Forsyth,2020-06-17,43,2381
Forsyth,2020-06-18,87,2468
Forsyth,2020-06-19,34,2502
Forsyth,2020-06-20,25,2527
Forsyth,2020-06-21,59,2586
Forsyth,2020-06-22,41,2627
Forsyth,2020-06-23,53,2680
Forsyth,2020-06-24,43,2723
Forsyth,2020-06-25,74,2797
Forsyth,2020-06-26,80,2877
Forsyth,2020-06-27,66,2943
Forsyth,2020-06-28,51,2994
Forsyth,2020-06-29,23,3017
Forsyth,2020-06-30,74,3091
Forsyth,2020-07-01,48,3139
Forsyth,2020-07-02,55,3194
Forsyth,2020-07-03,49,3243
Forsyth,2020-07-04,59,3302
Forsyth,2020-07-05,62,3364
Forsyth,2020-07-06,57,3421
Forsyth,2020-07-07,28,3449
Forsyth,2020-07-08,79,3528
Forsyth,2020-07-09,51,3579
Forsyth,2020-07-10,41,3620
Forsyth,2020-07-11,48,3668
Forsyth,2020-07-12,55,3723
Forsyth,2020-07-13,60,3783
Forsyth,2020-07-14,71,3854
Forsyth,2020-07-15,94,3948
Forsyth,2020-07-16,65,4013
Forsyth,2020-07-17,116,4129
Forsyth,2020-07-18,69,4198
Forsyth,2020-07-19,43,4241
Forsyth,2020-07-20,65,4306
Forsyth,2020-07-21,41,4347
Forsyth,2020-07-22,68,4415
Forsyth,2020-07-23,63,4478
Forsyth,2020-07-24,43,4521
Forsyth,2020-07-25,50,4571
Forsyth,2020-07-26,47,4618
Forsyth,2020-07-27,40,4658
Forsyth,2020-07-28,49,4707
Forsyth,2020-07-29,79,4786
Forsyth,2020-07-30,39,4825
Forsyth,2020-07-31,59,4884
Forsyth,2020-08-01,38,4922
Forsyth,2020-08-02,56,4978
Forsyth,2020-08-03,40,5018
Forsyth,2020-08-04,25,5043
Forsyth,2020-08-05,70,5113
Forsyth,2020-08-06,62,5175
Forsyth,2020-08-07,61,5236
Forsyth,2020-08-08,41,5277
Forsyth,2020-08-09,41,5318
Forsyth,2020-08-10,28,5346
Forsyth,2020-08-11,53,5399
Forsyth,2020-08-12,54,5453
Forsyth,2020-08-13,57,5510
Forsyth,2020-08-14,35,5545
Forsyth,2020-08-15,41,5586
Forsyth,2020-08-16,25,5611
Forsyth,2020-08-17,43,5654
Forsyth,2020-08-18,29,5683
Forsyth,2020-08-19,55,5738
Forsyth,2020-08-20,59,5797
Forsyth,2020-08-21,35,5832
Forsyth,2020-08-22,30,5862
Forsyth,2020-08-23,44,5906
Forsyth,2020-08-24,49,5955
Forsyth,2020-08-25,38,5993
Forsyth,2020-08-26,47,6040
Forsyth,2020-08-27,33,6073
Forsyth,2020-08-28,42,6115
Forsyth,2020-08-29,31,6146
Forsyth,2020-08-30,28,6174
Forsyth,2020-08-31,26,6200
Forsyth,2020-09-01,34,6234
Forsyth,2020-09-02,31,6265
Forsyth,2020-09-03,40,6305
Forsyth,2020-09-04,45,6350
Forsyth,2020-09-05,30,6380
Forsyth,2020-09-06,27,6407
Forsyth,2020-09-07,30,6437
Forsyth,2020-09-08,48,6485
Forsyth,2020-09-09,20,6505
Forsyth,2020-09-10,25,6530
Forsyth,2020-09-11,41,6571
Forsyth,2020-09-12,30,6601
Forsyth,2020-09-13,11,6612
Forsyth,2020-09-14,38,6650
Forsyth,2020-09-15,33,6683
Forsyth,2020-09-16,25,6708
Forsyth,2020-09-17,35,6743
Forsyth,2020-09-18,33,6776
Forsyth,2020-09-19,28,6804
Forsyth,2020-09-20,21,6825
Forsyth,2020-09-21,23,6848
Forsyth,2020-09-22,27,6875
Forsyth,2020-09-23,29,6904
Forsyth,2020-09-24,36,6940
Forsyth,2020-09-25,27,6967
Forsyth,2020-09-26,33,7000
Forsyth,2020-09-27,16,7016
Forsyth,2020-09-28,34,7050
Forsyth,2020-09-29,54,7104
Forsyth,2020-09-30,63,7167
Forsyth,2020-10-01,45,7212
Forsyth,2020-10-02,43,7255
Forsyth,2020-10-03,49,7304
Forsyth,2020-10-04,19,7323
Forsyth,2020-10-05,26,7349
Forsyth,2020-10-06,58,7407
Forsyth,2020-10-07,57,7464
Forsyth,2020-10-08,41,7505
Forsyth,2020-10-09,69,7574
Forsyth,2020-10-10,52,7626
Forsyth,2020-10-11,33,7659
Forsyth,2020-10-12,47,7706
Forsyth,2020-10-13,71,7777
Forsyth,2020-10-14,80,7857
Forsyth,2020-10-15,82,7939
Forsyth,2020-10-16,69,8008
Forsyth,2020-10-17,51,8059
Forsyth,2020-10-18,38,8097
Forsyth,2020-10-19,50,8147
Forsyth,2020-10-20,68,8215
Forsyth,2020-10-21,112,8327
Forsyth,2020-10-22,76,8403
Forsyth,2020-10-23,111,8514
Forsyth,2020-10-24,77,8591
Forsyth,2020-10-25,64,8655
Forsyth,2020-10-26,51,8706
Forsyth,2020-10-27,92,8798
Forsyth,2020-10-28,109,8907
Forsyth,2020-10-29,96,9003
Forsyth,2020-10-30,65,9068
Forsyth,2020-10-31,81,9149
Forsyth,2020-11-01,54,9203
Forsyth,2020-11-02,68,9271
Forsyth,2020-11-03,116,9387
Forsyth,2020-11-04,124,9511
Forsyth,2020-11-05,132,9643
Forsyth,2020-11-06,135,9778
Forsyth,2020-11-07,131,9909
Forsyth,2020-11-08,84,9993
Forsyth,2020-11-09,95,10088
Forsyth,2020-11-10,152,10240
Forsyth,2020-11-11,203,10443
Forsyth,2020-11-12,177,10620
Forsyth,2020-11-13,148,10768
Forsyth,2020-11-14,141,10909
Forsyth,2020-11-15,118,11027
Forsyth,2020-11-16,150,11177
Forsyth,2020-11-17,209,11386
Forsyth,2020-11-18,162,11548
Forsyth,2020-11-19,197,11745
Forsyth,2020-11-20,143,11888
Forsyth,2020-11-21,145,12033
Forsyth,2020-11-22,127,12160
Forsyth,2020-11-23,160,12320
Forsyth,2020-11-24,116,12436
Forsyth,2020-11-25,268,12704
Forsyth,2020-11-26,154,12858
Forsyth,2020-11-27,178,13036
Forsyth,2020-11-28,115,13151
Forsyth,2020-11-29,106,13257
Forsyth,2020-11-30,136,13393
Forsyth,2020-12-01,179,13572
Forsyth,2020-12-02,243,13815
Forsyth,2020-12-03,302,14117
Forsyth,2020-12-04,258,14375
Forsyth,2020-12-05,228,14603
Forsyth,2020-12-06,199,14802
Forsyth,2020-12-07,269,15071
Forsyth,2020-12-08,180,15251
Forsyth,2020-12-09,280,15531
Forsyth,2020-12-10,251,15782
Forsyth,2020-12-11,255,16037
Forsyth,2020-12-12,244,16281
Forsyth,2020-12-13,204,16485
Forsyth,2020-12-14,123,16608
Forsyth,2020-12-15,196,16804
Franklin,2020-03-20,3,3
Franklin,2020-03-22,1,4
Franklin,2020-03-23,1,5
Franklin,2020-03-30,6,11
Franklin,2020-03-31,1,12
Franklin,2020-04-01,1,13
Franklin,2020-04-02,1,14
Franklin,2020-04-03,1,15
Franklin,2020-04-04,2,17
Franklin,2020-04-07,3,20
Franklin,2020-04-08,3,23
Franklin,2020-04-09,4,27
Franklin,2020-04-10,2,29
Franklin,2020-04-11,35,64
Franklin,2020-04-12,2,66
Franklin,2020-04-17,3,69
Franklin,2020-04-18,2,71
Franklin,2020-04-19,1,72
Franklin,2020-04-20,1,73
Franklin,2020-04-21,3,76
Franklin,2020-04-22,3,79
Franklin,2020-04-23,9,88
Franklin,2020-04-24,2,90
Franklin,2020-04-25,6,96
Franklin,2020-04-27,1,97
Franklin,2020-04-28,1,98
Franklin,2020-04-29,5,103
Franklin,2020-04-30,1,104
Franklin,2020-05-01,1,105
Franklin,2020-05-02,1,106
Franklin,2020-05-06,5,111
Franklin,2020-05-08,1,112
Franklin,2020-05-11,7,119
Franklin,2020-05-12,1,120
Franklin,2020-05-13,2,122
Franklin,2020-05-17,3,125
Franklin,2020-05-18,4,129
Franklin,2020-05-20,5,134
Franklin,2020-05-21,2,136
Franklin,2020-05-22,3,139
Franklin,2020-05-23,2,141
Franklin,2020-05-24,1,142
Franklin,2020-05-25,1,143
Franklin,2020-05-26,8,151
Franklin,2020-05-27,2,153
Franklin,2020-05-28,2,155
Franklin,2020-05-29,4,159
Franklin,2020-05-30,1,160
Franklin,2020-06-01,2,162
Franklin,2020-06-02,4,166
Franklin,2020-06-03,5,171
Franklin,2020-06-04,8,179
Franklin,2020-06-05,7,186
Franklin,2020-06-06,3,189
Franklin,2020-06-07,2,191
Franklin,2020-06-08,4,195
Franklin,2020-06-09,3,198
Franklin,2020-06-10,6,204
Franklin,2020-06-11,6,210
Franklin,2020-06-12,13,223
Franklin,2020-06-13,5,228
Franklin,2020-06-14,6,234
Franklin,2020-06-15,3,237
Franklin,2020-06-16,2,239
Franklin,2020-06-17,14,253
Franklin,2020-06-18,12,265
Franklin,2020-06-19,5,270
Franklin,2020-06-20,11,281
Franklin,2020-06-21,11,292
Franklin,2020-06-22,12,304
Franklin,2020-06-23,4,308
Franklin,2020-06-24,6,314
Franklin,2020-06-25,8,322
Franklin,2020-06-26,12,334
Franklin,2020-06-27,5,339
Franklin,2020-06-28,7,346
Franklin,2020-06-29,10,356
Franklin,2020-06-30,9,365
Franklin,2020-07-01,13,378
Franklin,2020-07-02,6,384
Franklin,2020-07-03,6,390
Franklin,2020-07-04,9,399
Franklin,2020-07-05,7,406
Franklin,2020-07-06,16,422
Franklin,2020-07-07,11,433
Franklin,2020-07-08,27,460
Franklin,2020-07-09,9,469
Franklin,2020-07-10,14,483
Franklin,2020-07-11,24,507
Franklin,2020-07-12,20,527
Franklin,2020-07-13,10,537
Franklin,2020-07-14,14,551
Franklin,2020-07-15,6,557
Franklin,2020-07-16,6,563
Franklin,2020-07-17,22,585
Franklin,2020-07-18,7,592
Franklin,2020-07-19,14,606
Franklin,2020-07-20,5,611
Franklin,2020-07-21,26,637
Franklin,2020-07-22,17,654
Franklin,2020-07-23,14,668
Franklin,2020-07-24,15,683
Franklin,2020-07-25,13,696
Franklin,2020-07-26,10,706
Franklin,2020-07-27,18,724
Franklin,2020-07-28,11,735
Franklin,2020-07-29,10,745
Franklin,2020-07-30,11,756
Franklin,2020-07-31,14,770
Franklin,2020-08-01,14,784
Franklin,2020-08-02,13,797
Franklin,2020-08-03,5,802
Franklin,2020-08-04,7,809
Franklin,2020-08-05,26,835
Franklin,2020-08-06,10,845
Franklin,2020-08-07,13,858
Franklin,2020-08-08,11,869
Franklin,2020-08-09,4,873
Franklin,2020-08-10,4,877
Franklin,2020-08-11,21,898
Franklin,2020-08-12,17,915
Franklin,2020-08-13,8,923
Franklin,2020-08-14,4,927
Franklin,2020-08-15,10,937
Franklin,2020-08-16,4,941
Franklin,2020-08-17,2,943
Franklin,2020-08-18,5,948
Franklin,2020-08-19,13,961
Franklin,2020-08-20,7,968
Franklin,2020-08-21,7,975
Franklin,2020-08-22,7,982
Franklin,2020-08-23,5,987
Franklin,2020-08-24,7,994
Franklin,2020-08-25,8,1002
Franklin,2020-08-26,12,1014
Franklin,2020-08-27,17,1031
Franklin,2020-08-28,8,1039
Franklin,2020-08-29,11,1050
Franklin,2020-08-30,5,1055
Franklin,2020-08-31,7,1062
Franklin,2020-09-01,13,1075
Franklin,2020-09-02,10,1085
Franklin,2020-09-03,10,1095
Franklin,2020-09-04,9,1104
Franklin,2020-09-05,7,1111
Franklin,2020-09-06,10,1121
Franklin,2020-09-08,3,1124
Franklin,2020-09-09,5,1129
Franklin,2020-09-10,5,1134
Franklin,2020-09-11,6,1140
Franklin,2020-09-12,4,1144
Franklin,2020-09-13,9,1153
Franklin,2020-09-14,5,1158
Franklin,2020-09-15,5,1163
Franklin,2020-09-16,6,1169
Franklin,2020-09-17,4,1173
Franklin,2020-09-18,6,1179
Franklin,2020-09-19,9,1188
Franklin,2020-09-20,3,1191
Franklin,2020-09-21,3,1194
Franklin,2020-09-22,5,1199
Franklin,2020-09-23,4,1203
Franklin,2020-09-24,1,1204
Franklin,2020-09-25,1,1205
Franklin,2020-09-26,3,1208
Franklin,2020-09-27,1,1209
Franklin,2020-09-28,2,1211
Franklin,2020-09-29,23,1234
Franklin,2020-09-30,10,1244
Franklin,2020-10-01,8,1252
Franklin,2020-10-02,7,1259
Franklin,2020-10-03,8,1267
Franklin,2020-10-04,8,1275
Franklin,2020-10-05,6,1281
Franklin,2020-10-06,9,1290
Franklin,2020-10-07,25,1315
Franklin,2020-10-08,12,1327
Franklin,2020-10-09,5,1332
Franklin,2020-10-10,3,1335
Franklin,2020-10-11,2,1337
Franklin,2020-10-12,3,1340
Franklin,2020-10-13,5,1345
Franklin,2020-10-14,9,1354
Franklin,2020-10-15,4,1358
Franklin,2020-10-16,6,1364
Franklin,2020-10-17,3,1367
Franklin,2020-10-18,2,1369
Franklin,2020-10-19,2,1371
Franklin,2020-10-20,11,1382
Franklin,2020-10-21,12,1394
Franklin,2020-10-22,6,1400
Franklin,2020-10-23,15,1415
Franklin,2020-10-24,6,1421
Franklin,2020-10-25,6,1427
Franklin,2020-10-26,23,1450
Franklin,2020-10-27,11,1461
Franklin,2020-10-28,10,1471
Franklin,2020-10-29,10,1481
Franklin,2020-10-30,4,1485
Franklin,2020-10-31,9,1494
Franklin,2020-11-01,12,1506
Franklin,2020-11-02,7,1513
Franklin,2020-11-03,17,1530
Franklin,2020-11-04,9,1539
Franklin,2020-11-05,33,1572
Franklin,2020-11-06,12,1584
Franklin,2020-11-07,15,1599
Franklin,2020-11-08,4,1603
Franklin,2020-11-09,17,1620
Franklin,2020-11-10,13,1633
Franklin,2020-11-11,26,1659
Franklin,2020-11-12,17,1676
Franklin,2020-11-13,14,1690
Franklin,2020-11-14,16,1706
Franklin,2020-11-15,11,1717
Franklin,2020-11-16,13,1730
Franklin,2020-11-17,20,1750
Franklin,2020-11-18,32,1782
Franklin,2020-11-19,29,1811
Franklin,2020-11-20,21,1832
Franklin,2020-11-21,11,1843
Franklin,2020-11-22,10,1853
Franklin,2020-11-23,43,1896
Franklin,2020-11-24,29,1925
Franklin,2020-11-25,20,1945
Franklin,2020-11-26,15,1960
Franklin,2020-11-27,26,1986
Franklin,2020-11-28,29,2015
Franklin,2020-11-29,12,2027
Franklin,2020-11-30,30,2057
Franklin,2020-12-01,26,2083
Franklin,2020-12-02,45,2128
Franklin,2020-12-03,27,2155
Franklin,2020-12-04,36,2191
Franklin,2020-12-05,46,2237
Franklin,2020-12-06,25,2262
Franklin,2020-12-07,16,2278
Franklin,2020-12-08,45,2323
Franklin,2020-12-09,44,2367
Franklin,2020-12-10,26,2393
Franklin,2020-12-11,40,2433
Franklin,2020-12-12,27,2460
Franklin,2020-12-13,15,2475
Franklin,2020-12-14,23,2498
Franklin,2020-12-15,30,2528
Gaston,2020-03-18,1,1
Gaston,2020-03-21,1,2
Gaston,2020-03-22,1,3
Gaston,2020-03-25,4,7
Gaston,2020-03-26,2,9
Gaston,2020-03-27,8,17
Gaston,2020-03-28,2,19
Gaston,2020-03-29,4,23
Gaston,2020-03-30,3,26
Gaston,2020-03-31,4,30
Gaston,2020-04-01,2,32
Gaston,2020-04-02,7,39
Gaston,2020-04-03,7,46
Gaston,2020-04-04,4,50
Gaston,2020-04-05,2,52
Gaston,2020-04-06,9,61
Gaston,2020-04-07,3,64
Gaston,2020-04-08,4,68
Gaston,2020-04-09,9,77
Gaston,2020-04-10,5,82
Gaston,2020-04-11,7,89
Gaston,2020-04-12,2,91
Gaston,2020-04-13,1,92
Gaston,2020-04-14,4,96
Gaston,2020-04-15,7,103
Gaston,2020-04-16,7,110
Gaston,2020-04-17,2,112
Gaston,2020-04-18,9,121
Gaston,2020-04-20,1,122
Gaston,2020-04-21,5,127
Gaston,2020-04-22,4,131
Gaston,2020-04-23,4,135
Gaston,2020-04-24,3,138
Gaston,2020-04-25,3,141
Gaston,2020-04-26,2,143
Gaston,2020-04-28,1,144
Gaston,2020-04-29,3,147
Gaston,2020-04-30,2,149
Gaston,2020-05-01,1,150
Gaston,2020-05-02,3,153
Gaston,2020-05-03,2,155
Gaston,2020-05-05,6,161
Gaston,2020-05-06,4,165
Gaston,2020-05-07,2,167
Gaston,2020-05-08,3,170
Gaston,2020-05-09,4,174
Gaston,2020-05-10,4,178
Gaston,2020-05-11,3,181
Gaston,2020-05-12,2,183
Gaston,2020-05-13,8,191
Gaston,2020-05-14,7,198
Gaston,2020-05-15,11,209
Gaston,2020-05-17,2,211
Gaston,2020-05-18,2,213
Gaston,2020-05-19,6,219
Gaston,2020-05-20,1,220
Gaston,2020-05-21,9,229
Gaston,2020-05-22,10,239
Gaston,2020-05-23,7,246
Gaston,2020-05-24,8,254
Gaston,2020-05-25,5,259
Gaston,2020-05-26,6,265
Gaston,2020-05-27,2,267
Gaston,2020-05-28,7,274
Gaston,2020-05-29,15,289
Gaston,2020-05-30,8,297
Gaston,2020-05-31,8,305
Gaston,2020-06-01,5,310
Gaston,2020-06-02,9,319
Gaston,2020-06-03,13,332
Gaston,2020-06-04,15,347
Gaston,2020-06-05,23,370
Gaston,2020-06-06,8,378
Gaston,2020-06-07,12,390
Gaston,2020-06-08,5,395
Gaston,2020-06-09,8,403
Gaston,2020-06-10,29,432
Gaston,2020-06-11,41,473
Gaston,2020-06-12,40,513
Gaston,2020-06-13,31,544
Gaston,2020-06-14,14,558
Gaston,2020-06-15,16,574
Gaston,2020-06-16,21,595
Gaston,2020-06-17,45,640
Gaston,2020-06-18,46,686
Gaston,2020-06-19,33,719
Gaston,2020-06-20,39,758
Gaston,2020-06-21,34,792
Gaston,2020-06-22,27,819
Gaston,2020-06-23,36,855
Gaston,2020-06-24,37,892
Gaston,2020-06-25,39,931
Gaston,2020-06-26,53,984
Gaston,2020-06-27,31,1015
Gaston,2020-06-28,39,1054
Gaston,2020-06-29,44,1098
Gaston,2020-06-30,56,1154
Gaston,2020-07-01,32,1186
Gaston,2020-07-02,80,1266
Gaston,2020-07-03,36,1302
Gaston,2020-07-04,37,1339
Gaston,2020-07-05,54,1393
Gaston,2020-07-06,61,1454
Gaston,2020-07-07,35,1489
Gaston,2020-07-08,70,1559
Gaston,2020-07-09,91,1650
Gaston,2020-07-10,95,1745
Gaston,2020-07-11,71,1816
Gaston,2020-07-12,50,1866
Gaston,2020-07-13,93,1959
Gaston,2020-07-14,59,2018
Gaston,2020-07-15,63,2081
Gaston,2020-07-16,51,2132
Gaston,2020-07-17,69,2201
Gaston,2020-07-18,70,2271
Gaston,2020-07-19,54,2325
Gaston,2020-07-20,47,2372
Gaston,2020-07-21,56,2428
Gaston,2020-07-22,89,2517
Gaston,2020-07-23,67,2584
Gaston,2020-07-24,52,2636
Gaston,2020-07-25,63,2699
Gaston,2020-07-26,40,2739
Gaston,2020-07-27,43,2782
Gaston,2020-07-28,38,2820
Gaston,2020-07-29,56,2876
Gaston,2020-07-30,72,2948
Gaston,2020-07-31,58,3006
Gaston,2020-08-01,22,3028
Gaston,2020-08-02,21,3049
Gaston,2020-08-03,57,3106
Gaston,2020-08-04,23,3129
Gaston,2020-08-05,94,3223
Gaston,2020-08-06,52,3275
Gaston,2020-08-07,31,3306
Gaston,2020-08-08,27,3333
Gaston,2020-08-09,16,3349
Gaston,2020-08-10,32,3381
Gaston,2020-08-11,28,3409
Gaston,2020-08-12,43,3452
Gaston,2020-08-13,49,3501
Gaston,2020-08-14,44,3545
Gaston,2020-08-15,36,3581
Gaston,2020-08-16,11,3592
Gaston,2020-08-17,28,3620
Gaston,2020-08-18,34,3654
Gaston,2020-08-19,44,3698
Gaston,2020-08-20,46,3744
Gaston,2020-08-21,51,3795
Gaston,2020-08-22,31,3826
Gaston,2020-08-23,33,3859
Gaston,2020-08-24,35,3894
Gaston,2020-08-25,27,3921
Gaston,2020-08-26,40,3961
Gaston,2020-08-27,68,4029
Gaston,2020-08-28,42,4071
Gaston,2020-08-29,18,4089
Gaston,2020-08-30,28,4117
Gaston,2020-08-31,28,4145
Gaston,2020-09-01,28,4173
Gaston,2020-09-02,67,4240
Gaston,2020-09-03,31,4271
Gaston,2020-09-04,34,4305
Gaston,2020-09-05,25,4330
Gaston,2020-09-06,17,4347
Gaston,2020-09-07,38,4385
Gaston,2020-09-08,40,4425
Gaston,2020-09-09,32,4457
Gaston,2020-09-10,40,4497
Gaston,2020-09-11,47,4544
Gaston,2020-09-12,34,4578
Gaston,2020-09-13,18,4596
Gaston,2020-09-14,38,4634
Gaston,2020-09-15,75,4709
Gaston,2020-09-16,66,4775
Gaston,2020-09-17,44,4819
Gaston,2020-09-18,27,4846
Gaston,2020-09-19,27,4873
Gaston,2020-09-20,24,4897
Gaston,2020-09-21,30,4927
Gaston,2020-09-22,29,4956
Gaston,2020-09-23,67,5023
Gaston,2020-09-24,52,5075
Gaston,2020-09-25,40,5115
Gaston,2020-09-26,26,5141
Gaston,2020-09-27,20,5161
Gaston,2020-09-28,54,5215
Gaston,2020-09-29,44,5259
Gaston,2020-09-30,75,5334
Gaston,2020-10-01,60,5394
Gaston,2020-10-02,93,5487
Gaston,2020-10-03,45,5532
Gaston,2020-10-04,42,5574
Gaston,2020-10-05,50,5624
Gaston,2020-10-06,96,5720
Gaston,2020-10-07,95,5815
Gaston,2020-10-08,79,5894
Gaston,2020-10-09,66,5960
Gaston,2020-10-10,52,6012
Gaston,2020-10-11,47,6059
Gaston,2020-10-12,72,6131
Gaston,2020-10-13,78,6209
Gaston,2020-10-14,93,6302
Gaston,2020-10-15,112,6414
Gaston,2020-10-16,94,6508
Gaston,2020-10-17,73,6581
Gaston,2020-10-18,86,6667
Gaston,2020-10-19,87,6754
Gaston,2020-10-20,94,6848
Gaston,2020-10-21,50,6898
Gaston,2020-10-22,85,6983
Gaston,2020-10-23,118,7101
Gaston,2020-10-24,60,7161
Gaston,2020-10-25,41,7202
Gaston,2020-10-26,61,7263
Gaston,2020-10-27,99,7362
Gaston,2020-10-28,61,7423
Gaston,2020-10-29,60,7483
Gaston,2020-10-30,52,7535
Gaston,2020-10-31,65,7600
Gaston,2020-11-01,43,7643
Gaston,2020-11-02,52,7695
Gaston,2020-11-03,67,7762
Gaston,2020-11-04,66,7828
Gaston,2020-11-05,69,7897
Gaston,2020-11-06,62,7959
Gaston,2020-11-07,49,8008
Gaston,2020-11-08,35,8043
Gaston,2020-11-09,54,8097
Gaston,2020-11-10,66,8163
Gaston,2020-11-11,74,8237
Gaston,2020-11-12,98,8335
Gaston,2020-11-13,83,8418
Gaston,2020-11-14,91,8509
Gaston,2020-11-15,74,8583
Gaston,2020-11-16,73,8656
Gaston,2020-11-17,83,8739
Gaston,2020-11-18,87,8826
Gaston,2020-11-19,94,8920
Gaston,2020-11-20,95,9015
Gaston,2020-11-21,74,9089
Gaston,2020-11-22,46,9135
Gaston,2020-11-23,80,9215
Gaston,2020-11-24,106,9321
Gaston,2020-11-25,114,9435
Gaston,2020-11-26,104,9539
Gaston,2020-11-27,68,9607
Gaston,2020-11-28,92,9699
Gaston,2020-11-29,83,9782
Gaston,2020-11-30,109,9891
Gaston,2020-12-01,145,10036
Gaston,2020-12-02,176,10212
Gaston,2020-12-03,164,10376
Gaston,2020-12-04,150,10526
Gaston,2020-12-05,164,10690
Gaston,2020-12-06,125,10815
Gaston,2020-12-07,145,10960
Gaston,2020-12-08,150,11110
Gaston,2020-12-09,208,11318
Gaston,2020-12-10,178,11496
Gaston,2020-12-11,157,11653
Gaston,2020-12-12,162,11815
Gaston,2020-12-13,95,11910
Gaston,2020-12-14,120,12030
Gaston,2020-12-15,94,12124
Gates,2020-04-01,1,1
Gates,2020-04-03,1,2
Gates,2020-04-06,1,3
Gates,2020-04-07,1,4
Gates,2020-04-22,2,6
Gates,2020-04-25,1,7
Gates,2020-04-28,1,8
Gates,2020-05-01,1,9
Gates,2020-05-05,1,10
Gates,2020-05-07,1,11
Gates,2020-05-12,1,12
Gates,2020-05-13,1,13
Gates,2020-05-15,1,14
Gates,2020-05-21,1,15
Gates,2020-05-22,5,20
Gates,2020-05-24,2,22
Gates,2020-06-10,1,23
Gates,2020-06-15,1,24
Gates,2020-06-17,1,25
Gates,2020-06-27,1,26
Gates,2020-06-28,1,27
Gates,2020-07-07,1,28
Gates,2020-07-08,1,29
Gates,2020-07-09,0,29
Gates,2020-07-14,0,29
Gates,2020-07-17,1,30
Gates,2020-07-18,1,31
Gates,2020-07-20,1,32
Gates,2020-07-21,2,34
Gates,2020-07-22,1,35
Gates,2020-07-24,1,36
Gates,2020-07-25,1,37
Gates,2020-07-29,1,38
Gates,2020-07-30,5,43
Gates,2020-07-31,0,43
Gates,2020-08-02,2,45
Gates,2020-08-03,1,46
Gates,2020-08-06,1,47
Gates,2020-08-08,1,48
Gates,2020-08-09,1,49
Gates,2020-08-11,2,51
Gates,2020-08-12,1,52
Gates,2020-08-13,2,54
Gates,2020-08-15,4,58
Gates,2020-08-16,2,60
Gates,2020-08-17,1,61
Gates,2020-08-18,2,63
Gates,2020-08-19,5,68
Gates,2020-08-20,4,72
Gates,2020-08-21,1,73
Gates,2020-08-22,2,75
Gates,2020-08-23,3,78
Gates,2020-08-24,1,79
Gates,2020-08-25,1,80
Gates,2020-08-26,3,83
Gates,2020-08-27,3,86
Gates,2020-08-28,3,89
Gates,2020-08-31,3,92
Gates,2020-09-01,1,93
Gates,2020-09-02,6,99
Gates,2020-09-03,1,100
Gates,2020-09-04,2,102
Gates,2020-09-05,2,104
Gates,2020-09-06,1,105
Gates,2020-09-09,2,107
Gates,2020-09-10,3,110
Gates,2020-09-11,1,111
Gates,2020-09-12,2,113
Gates,2020-09-14,1,114
Gates,2020-09-15,1,115
Gates,2020-09-16,8,123
Gates,2020-09-17,1,124
Gates,2020-09-18,9,133
Gates,2020-09-19,1,134
Gates,2020-09-23,1,135
Gates,2020-09-24,1,136
Gates,2020-09-26,3,139
Gates,2020-09-27,1,140
Gates,2020-09-29,0,140
Gates,2020-09-30,1,141
Gates,2020-10-02,2,143
Gates,2020-10-05,3,146
Gates,2020-10-06,0,146
Gates,2020-10-07,4,150
Gates,2020-10-08,1,151
Gates,2020-10-11,2,153
Gates,2020-10-14,2,155
Gates,2020-10-18,1,156
Gates,2020-10-19,1,157
Gates,2020-10-20,1,158
Gates,2020-10-21,1,159
Gates,2020-10-26,1,160
Gates,2020-10-27,1,161
Gates,2020-10-28,0,161
Gates,2020-10-30,1,162
Gates,2020-11-02,1,163
Gates,2020-11-07,1,164
Gates,2020-11-08,2,166
Gates,2020-11-09,3,169
Gates,2020-11-10,3,172
Gates,2020-11-11,1,173
Gates,2020-11-12,1,174
Gates,2020-11-13,2,176
Gates,2020-11-14,1,177
Gates,2020-11-15,1,178
Gates,2020-11-16,1,179
Gates,2020-11-17,1,180
Gates,2020-11-18,3,183
Gates,2020-11-19,4,187
Gates,2020-11-20,2,189
Gates,2020-11-22,4,193
Gates,2020-11-23,1,194
Gates,2020-11-24,3,197
Gates,2020-11-25,4,201
Gates,2020-11-26,2,203
Gates,2020-11-27,2,205
Gates,2020-11-28,6,211
Gates,2020-11-29,1,212
Gates,2020-12-01,3,215
Gates,2020-12-02,8,223
Gates,2020-12-03,15,238
Gates,2020-12-04,3,241
Gates,2020-12-05,6,247
Gates,2020-12-06,5,252
Gates,2020-12-07,1,253
Gates,2020-12-08,5,258
Gates,2020-12-09,11,269
Gates,2020-12-10,3,272
Gates,2020-12-11,3,275
Gates,2020-12-12,7,282
Gates,2020-12-13,1,283
Gates,2020-12-14,2,285
Gates,2020-12-15,8,293
Graham,2020-04-26,1,1
Graham,2020-05-02,1,2
Graham,2020-05-30,1,3
Graham,2020-06-03,1,4
Graham,2020-06-06,1,5
Graham,2020-06-08,1,6
Graham,2020-06-22,2,8
Graham,2020-06-24,1,9
Graham,2020-06-30,1,10
Graham,2020-07-20,2,12
Graham,2020-07-21,1,13
Graham,2020-07-22,2,15
Graham,2020-07-23,1,16
Graham,2020-07-25,2,18
Graham,2020-07-27,3,21
Graham,2020-07-28,1,22
Graham,2020-07-29,1,23
Graham,2020-07-30,1,24
Graham,2020-07-31,3,27
Graham,2020-08-03,2,29
Graham,2020-08-04,1,30
Graham,2020-08-05,2,32
Graham,2020-08-06,3,35
Graham,2020-08-07,1,36
Graham,2020-08-08,2,38
Graham,2020-08-09,2,40
Graham,2020-08-11,4,44
Graham,2020-08-12,1,45
Graham,2020-08-13,1,46
Graham,2020-08-15,2,48
Graham,2020-08-20,1,49
Graham,2020-08-26,1,50
Graham,2020-08-27,4,54
Graham,2020-08-28,1,55
Graham,2020-08-30,1,56
Graham,2020-08-31,2,58
Graham,2020-09-01,2,60
Graham,2020-09-02,14,74
Graham,2020-09-03,1,75
Graham,2020-09-04,2,77
Graham,2020-09-06,2,79
Graham,2020-09-08,5,84
Graham,2020-09-09,2,86
Graham,2020-09-10,22,108
Graham,2020-09-11,5,113
Graham,2020-09-14,0,113
Graham,2020-09-16,5,118
Graham,2020-09-17,1,119
Graham,2020-09-18,4,123
Graham,2020-09-19,2,125
Graham,2020-09-20,3,128
Graham,2020-09-22,1,129
Graham,2020-09-23,5,134
Graham,2020-09-24,0,134
Graham,2020-09-25,0,134
Graham,2020-09-26,2,136
Graham,2020-09-27,4,140
Graham,2020-09-28,0,140
Graham,2020-09-29,8,148
Graham,2020-09-30,3,151
Graham,2020-10-01,0,151
Graham,2020-10-02,3,154
Graham,2020-10-03,2,156
Graham,2020-10-04,4,160
Graham,2020-10-05,2,162
Graham,2020-10-06,0,162
Graham,2020-10-07,1,163
Graham,2020-10-08,3,166
Graham,2020-10-09,2,168
Graham,2020-10-10,0,168
Graham,2020-10-13,0,168
Graham,2020-10-15,2,170
Graham,2020-10-16,1,171
Graham,2020-10-17,1,172
Graham,2020-10-20,3,175
Graham,2020-10-21,3,178
Graham,2020-10-22,4,182
Graham,2020-10-23,1,183
Graham,2020-10-25,2,185
Graham,2020-10-27,0,185
Graham,2020-10-30,3,188
Graham,2020-11-01,1,189
Graham,2020-11-02,1,190
Graham,2020-11-04,0,190
Graham,2020-11-05,3,193
Graham,2020-11-07,3,196
Graham,2020-11-09,1,197
Graham,2020-11-10,1,198
Graham,2020-11-12,0,198
Graham,2020-11-15,1,199
Graham,2020-11-18,1,200
Graham,2020-11-20,0,200
Graham,2020-11-25,1,201
Graham,2020-11-26,1,202
Graham,2020-11-27,1,203
Graham,2020-11-29,1,204
Graham,2020-11-30,3,207
Graham,2020-12-01,1,208
Graham,2020-12-03,0,208
Graham,2020-12-04,1,209
Graham,2020-12-05,1,210
Graham,2020-12-06,1,211
Graham,2020-12-07,6,217
Graham,2020-12-08,2,219
Graham,2020-12-09,2,221
Graham,2020-12-10,2,223
Graham,2020-12-11,1,224
Graham,2020-12-12,3,227
Graham,2020-12-13,4,231
Graham,2020-12-14,1,232
Graham,2020-12-15,1,233
Granville,2020-03-20,1,1
Granville,2020-03-25,2,3
Granville,2020-03-27,2,5
Granville,2020-03-28,1,6
Granville,2020-03-30,2,8
Granville,2020-03-31,1,9
Granville,2020-04-01,10,19
Granville,2020-04-02,3,22
Granville,2020-04-03,1,23
Granville,2020-04-04,14,37
Granville,2020-04-05,33,70
Granville,2020-04-06,4,74
Granville,2020-04-07,5,79
Granville,2020-04-08,3,82
Granville,2020-04-09,4,86
Granville,2020-04-10,1,87
Granville,2020-04-11,2,89
Granville,2020-04-12,1,90
Granville,2020-04-13,6,96
Granville,2020-04-14,1,97
Granville,2020-04-15,3,100
Granville,2020-04-16,4,104
Granville,2020-04-17,1,105
Granville,2020-04-18,2,107
Granville,2020-04-19,2,109
Granville,2020-04-20,3,112
Granville,2020-04-21,4,116
Granville,2020-04-22,3,119
Granville,2020-04-24,4,123
Granville,2020-04-25,1,124
Granville,2020-04-26,1,125
Granville,2020-04-27,1,126
Granville,2020-04-28,2,128
Granville,2020-04-29,1,129
Granville,2020-04-30,3,132
Granville,2020-05-01,5,137
Granville,2020-05-02,13,150
Granville,2020-05-03,1,151
Granville,2020-05-04,2,153
Granville,2020-05-05,2,155
Granville,2020-05-06,3,158
Granville,2020-05-07,3,161
Granville,2020-05-08,5,166
Granville,2020-05-09,4,170
Granville,2020-05-10,1,171
Granville,2020-05-11,2,173
Granville,2020-05-12,2,175
Granville,2020-05-13,8,183
Granville,2020-05-14,3,186
Granville,2020-05-15,6,192
Granville,2020-05-16,3,195
Granville,2020-05-17,5,200
Granville,2020-05-18,4,204
Granville,2020-05-19,10,214
Granville,2020-05-20,7,221
Granville,2020-05-21,11,232
Granville,2020-05-22,11,243
Granville,2020-05-23,4,247
Granville,2020-05-24,6,253
Granville,2020-05-25,9,262
Granville,2020-05-26,6,268
Granville,2020-05-27,10,278
Granville,2020-05-28,12,290
Granville,2020-05-29,12,302
Granville,2020-05-30,11,313
Granville,2020-05-31,1,314
Granville,2020-06-01,6,320
Granville,2020-06-02,6,326
Granville,2020-06-03,14,340
Granville,2020-06-04,50,390
Granville,2020-06-05,136,526
Granville,2020-06-06,42,568
Granville,2020-06-07,16,584
Granville,2020-06-08,52,636
Granville,2020-06-09,12,648
Granville,2020-06-10,13,661
Granville,2020-06-11,20,681
Granville,2020-06-12,19,700
Granville,2020-06-13,11,711
Granville,2020-06-14,16,727
Granville,2020-06-15,9,736
Granville,2020-06-16,6,742
Granville,2020-06-17,12,754
Granville,2020-06-18,5,759
Granville,2020-06-19,11,770
Granville,2020-06-20,7,777
Granville,2020-06-21,11,788
Granville,2020-06-22,9,797
Granville,2020-06-23,9,806
Granville,2020-06-24,8,814
Granville,2020-06-25,7,821
Granville,2020-06-26,6,827
Granville,2020-06-27,6,833
Granville,2020-06-28,5,838
Granville,2020-06-29,8,846
Granville,2020-06-30,8,854
Granville,2020-07-01,9,863
Granville,2020-07-02,6,869
Granville,2020-07-03,6,875
Granville,2020-07-04,12,887
Granville,2020-07-05,3,890
Granville,2020-07-06,6,896
Granville,2020-07-07,12,908
Granville,2020-07-08,13,921
Granville,2020-07-09,37,958
Granville,2020-07-10,14,972
Granville,2020-07-11,7,979
Granville,2020-07-12,1,980
Granville,2020-07-13,30,1010
Granville,2020-07-14,13,1023
Granville,2020-07-15,6,1029
Granville,2020-07-16,13,1042
Granville,2020-07-17,15,1057
Granville,2020-07-18,4,1061
Granville,2020-07-19,5,1066
Granville,2020-07-20,8,1074
Granville,2020-07-21,12,1086
Granville,2020-07-22,13,1099
Granville,2020-07-23,9,1108
Granville,2020-07-24,17,1125
Granville,2020-07-25,6,1131
Granville,2020-07-26,9,1140
Granville,2020-07-27,7,1147
Granville,2020-07-28,13,1160
Granville,2020-07-29,13,1173
Granville,2020-07-30,11,1184
Granville,2020-07-31,18,1202
Granville,2020-08-01,5,1207
Granville,2020-08-02,11,1218
Granville,2020-08-03,7,1225
Granville,2020-08-04,6,1231
Granville,2020-08-05,11,1242
Granville,2020-08-06,23,1265
Granville,2020-08-07,11,1276
Granville,2020-08-08,11,1287
Granville,2020-08-09,4,1291
Granville,2020-08-10,22,1313
Granville,2020-08-11,14,1327
Granville,2020-08-12,21,1348
Granville,2020-08-13,25,1373
Granville,2020-08-14,15,1388
Granville,2020-08-15,7,1395
Granville,2020-08-16,5,1400
Granville,2020-08-17,8,1408
Granville,2020-08-18,8,1416
Granville,2020-08-19,22,1438
Granville,2020-08-20,23,1461
Granville,2020-08-21,16,1477
Granville,2020-08-22,6,1483
Granville,2020-08-23,4,1487
Granville,2020-08-24,7,1494
Granville,2020-08-25,23,1517
Granville,2020-08-26,18,1535
Granville,2020-08-27,13,1548
Granville,2020-08-28,7,1555
Granville,2020-08-29,12,1567
Granville,2020-08-30,7,1574
Granville,2020-08-31,9,1583
Granville,2020-09-01,11,1594
Granville,2020-09-02,9,1603
Granville,2020-09-03,16,1619
Granville,2020-09-04,5,1624
Granville,2020-09-05,6,1630
Granville,2020-09-06,7,1637
Granville,2020-09-07,6,1643
Granville,2020-09-08,10,1653
Granville,2020-09-09,9,1662
Granville,2020-09-10,10,1672
Granville,2020-09-11,4,1676
Granville,2020-09-12,10,1686
Granville,2020-09-13,4,1690
Granville,2020-09-14,5,1695
Granville,2020-09-15,9,1704
Granville,2020-09-16,8,1712
Granville,2020-09-17,9,1721
Granville,2020-09-18,2,1723
Granville,2020-09-19,8,1731
Granville,2020-09-20,3,1734
Granville,2020-09-21,4,1738
Granville,2020-09-22,8,1746
Granville,2020-09-23,9,1755
Granville,2020-09-24,5,1760
Granville,2020-09-25,7,1767
Granville,2020-09-26,9,1776
Granville,2020-09-27,8,1784
Granville,2020-09-28,7,1791
Granville,2020-09-29,9,1800
Granville,2020-09-30,7,1807
Granville,2020-10-01,5,1812
Granville,2020-10-02,7,1819
Granville,2020-10-03,5,1824
Granville,2020-10-04,6,1830
Granville,2020-10-05,2,1832
Granville,2020-10-06,6,1838
Granville,2020-10-07,9,1847
Granville,2020-10-08,6,1853
Granville,2020-10-09,10,1863
Granville,2020-10-10,8,1871
Granville,2020-10-11,8,1879
Granville,2020-10-12,5,1884
Granville,2020-10-13,13,1897
Granville,2020-10-14,13,1910
Granville,2020-10-15,9,1919
Granville,2020-10-16,12,1931
Granville,2020-10-17,22,1953
Granville,2020-10-18,8,1961
Granville,2020-10-19,6,1967
Granville,2020-10-20,5,1972
Granville,2020-10-21,12,1984
Granville,2020-10-22,17,2001
Granville,2020-10-23,15,2016
Granville,2020-10-24,8,2024
Granville,2020-10-25,9,2033
Granville,2020-10-26,7,2040
Granville,2020-10-27,12,2052
Granville,2020-10-28,16,2068
Granville,2020-10-29,17,2085
Granville,2020-10-30,12,2097
Granville,2020-10-31,11,2108
Granville,2020-11-01,16,2124
Granville,2020-11-02,11,2135
Granville,2020-11-03,16,2151
Granville,2020-11-04,22,2173
Granville,2020-11-05,6,2179
Granville,2020-11-06,18,2197
Granville,2020-11-07,11,2208
Granville,2020-11-08,5,2213
Granville,2020-11-09,21,2234
Granville,2020-11-10,15,2249
Granville,2020-11-11,28,2277
Granville,2020-11-12,19,2296
Granville,2020-11-13,7,2303
Granville,2020-11-14,17,2320
Granville,2020-11-15,11,2331
Granville,2020-11-16,16,2347
Granville,2020-11-17,8,2355
Granville,2020-11-18,30,2385
Granville,2020-11-19,31,2416
Granville,2020-11-20,18,2434
Granville,2020-11-21,11,2445
Granville,2020-11-22,14,2459
Granville,2020-11-23,23,2482
Granville,2020-11-24,21,2503
Granville,2020-11-25,25,2528
Granville,2020-11-26,19,2547
Granville,2020-11-27,11,2558
Granville,2020-11-28,4,2562
Granville,2020-11-29,1,2563
Granville,2020-11-30,16,2579
Granville,2020-12-01,22,2601
Granville,2020-12-02,34,2635
Granville,2020-12-03,21,2656
Granville,2020-12-04,37,2693
Granville,2020-12-05,39,2732
Granville,2020-12-06,24,2756
Granville,2020-12-07,24,2780
Granville,2020-12-08,50,2830
Granville,2020-12-09,69,2899
Granville,2020-12-10,34,2933
Granville,2020-12-11,48,2981
Granville,2020-12-12,50,3031
Granville,2020-12-13,24,3055
Granville,2020-12-14,34,3089
Granville,2020-12-15,21,3110
Greene,2020-03-26,3,3
Greene,2020-04-01,1,4
Greene,2020-04-02,1,5
Greene,2020-04-04,1,6
Greene,2020-04-05,2,8
Greene,2020-04-06,1,9
Greene,2020-04-10,1,10
Greene,2020-04-12,1,11
Greene,2020-04-13,1,12
Greene,2020-04-17,2,14
Greene,2020-04-23,1,15
Greene,2020-04-29,1,16
Greene,2020-04-30,1,17
Greene,2020-05-01,1,18
Greene,2020-05-03,3,21
Greene,2020-05-06,7,28
Greene,2020-05-07,3,31
Greene,2020-05-09,2,33
Greene,2020-05-10,1,34
Greene,2020-05-11,1,35
Greene,2020-05-13,3,38
Greene,2020-05-14,2,40
Greene,2020-05-15,1,41
Greene,2020-05-16,1,42
Greene,2020-05-17,5,47
Greene,2020-05-18,2,49
Greene,2020-05-20,6,55
Greene,2020-05-21,2,57
Greene,2020-05-22,6,63
Greene,2020-05-23,1,64
Greene,2020-05-25,1,65
Greene,2020-05-26,1,66
Greene,2020-05-27,2,68
Greene,2020-05-28,1,69
Greene,2020-05-29,7,76
Greene,2020-05-30,1,77
Greene,2020-05-31,1,78
Greene,2020-06-01,2,80
Greene,2020-06-03,5,85
Greene,2020-06-04,4,89
Greene,2020-06-05,3,92
Greene,2020-06-06,3,95
Greene,2020-06-07,10,105
Greene,2020-06-08,1,106
Greene,2020-06-10,1,107
Greene,2020-06-11,8,115
Greene,2020-06-13,2,117
Greene,2020-06-14,5,122
Greene,2020-06-15,3,125
Greene,2020-06-16,2,127
Greene,2020-06-17,5,132
Greene,2020-06-18,2,134
Greene,2020-06-19,1,135
Greene,2020-06-20,6,141
Greene,2020-06-21,5,146
Greene,2020-06-22,2,148
Greene,2020-06-23,3,151
Greene,2020-06-24,4,155
Greene,2020-06-25,4,159
Greene,2020-06-26,5,164
Greene,2020-06-27,1,165
Greene,2020-06-29,2,167
Greene,2020-06-30,3,170
Greene,2020-07-01,6,176
Greene,2020-07-02,2,178
Greene,2020-07-04,1,179
Greene,2020-07-05,6,185
Greene,2020-07-07,2,187
Greene,2020-07-08,3,190
Greene,2020-07-09,6,196
Greene,2020-07-10,1,197
Greene,2020-07-11,12,209
Greene,2020-07-12,9,218
Greene,2020-07-13,13,231
Greene,2020-07-14,3,234
Greene,2020-07-15,5,239
Greene,2020-07-16,6,245
Greene,2020-07-17,5,250
Greene,2020-07-18,2,252
Greene,2020-07-20,6,258
Greene,2020-07-21,1,259
Greene,2020-07-22,4,263
Greene,2020-07-23,1,264
Greene,2020-07-24,4,268
Greene,2020-07-25,2,270
Greene,2020-07-26,5,275
Greene,2020-07-27,4,279
Greene,2020-07-28,2,281
Greene,2020-07-29,10,291
Greene,2020-07-30,5,296
Greene,2020-07-31,7,303
Greene,2020-08-01,2,305
Greene,2020-08-02,3,308
Greene,2020-08-03,4,312
Greene,2020-08-04,5,317
Greene,2020-08-05,5,322
Greene,2020-08-06,1,323
Greene,2020-08-07,5,328
Greene,2020-08-08,3,331
Greene,2020-08-09,1,332
Greene,2020-08-10,1,333
Greene,2020-08-12,3,336
Greene,2020-08-13,3,339
Greene,2020-08-14,3,342
Greene,2020-08-15,1,343
Greene,2020-08-16,7,350
Greene,2020-08-17,4,354
Greene,2020-08-18,4,358
Greene,2020-08-19,4,362
Greene,2020-08-20,3,365
Greene,2020-08-21,5,370
Greene,2020-08-22,6,376
Greene,2020-08-23,5,381
Greene,2020-08-24,1,382
Greene,2020-08-25,5,387
Greene,2020-08-26,5,392
Greene,2020-08-27,7,399
Greene,2020-08-28,11,410
Greene,2020-08-29,2,412
Greene,2020-08-30,5,417
Greene,2020-08-31,3,420
Greene,2020-09-01,2,422
Greene,2020-09-02,14,436
Greene,2020-09-03,5,441
Greene,2020-09-04,9,450
Greene,2020-09-05,8,458
Greene,2020-09-08,2,460
Greene,2020-09-09,8,468
Greene,2020-09-10,3,471
Greene,2020-09-11,3,474
Greene,2020-09-12,7,481
Greene,2020-09-13,5,486
Greene,2020-09-14,3,489
Greene,2020-09-15,6,495
Greene,2020-09-16,4,499
Greene,2020-09-17,3,502
Greene,2020-09-18,1,503
Greene,2020-09-19,5,508
Greene,2020-09-20,1,509
Greene,2020-09-21,5,514
Greene,2020-09-22,55,569
Greene,2020-09-23,20,589
Greene,2020-09-24,6,595
Greene,2020-09-25,5,600
Greene,2020-09-26,2,602
Greene,2020-09-27,11,613
Greene,2020-09-28,5,618
Greene,2020-09-29,5,623
Greene,2020-09-30,8,631
Greene,2020-10-01,6,637
Greene,2020-10-02,28,665
Greene,2020-10-03,25,690
Greene,2020-10-04,5,695
Greene,2020-10-05,0,695
Greene,2020-10-06,6,701
Greene,2020-10-07,8,709
Greene,2020-10-08,25,734
Greene,2020-10-09,8,742
Greene,2020-10-10,9,751
Greene,2020-10-11,11,762
Greene,2020-10-12,9,771
Greene,2020-10-13,11,782
Greene,2020-10-14,28,810
Greene,2020-10-15,11,821
Greene,2020-10-16,5,826
Greene,2020-10-17,7,833
Greene,2020-10-18,23,856
Greene,2020-10-19,14,870
Greene,2020-10-20,7,877
Greene,2020-10-21,18,895
Greene,2020-10-22,8,903
Greene,2020-10-23,7,910
Greene,2020-10-24,4,914
Greene,2020-10-25,2,916
Greene,2020-10-26,7,923
Greene,2020-10-27,4,927
Greene,2020-10-28,11,938
Greene,2020-10-29,3,941
Greene,2020-10-30,3,944
Greene,2020-10-31,3,947
Greene,2020-11-01,1,948
Greene,2020-11-02,3,951
Greene,2020-11-03,5,956
Greene,2020-11-04,12,968
Greene,2020-11-05,10,978
Greene,2020-11-06,9,987
Greene,2020-11-07,4,991
Greene,2020-11-08,4,995
Greene,2020-11-09,10,1005
Greene,2020-11-10,12,1017
Greene,2020-11-11,22,1039
Greene,2020-11-12,9,1048
Greene,2020-11-13,8,1056
Greene,2020-11-14,6,1062
Greene,2020-11-15,1,1063
Greene,2020-11-16,4,1067
Greene,2020-11-17,14,1081
Greene,2020-11-18,9,1090
Greene,2020-11-19,5,1095
Greene,2020-11-20,12,1107
Greene,2020-11-21,5,1112
Greene,2020-11-22,3,1115
Greene,2020-11-23,3,1118
Greene,2020-11-24,15,1133
Greene,2020-11-25,8,1141
Greene,2020-11-26,4,1145
Greene,2020-11-27,7,1152
Greene,2020-11-28,6,1158
Greene,2020-11-29,4,1162
Greene,2020-11-30,5,1167
Greene,2020-12-01,16,1183
Greene,2020-12-02,10,1193
Greene,2020-12-03,13,1206
Greene,2020-12-04,9,1215
Greene,2020-12-05,13,1228
Greene,2020-12-06,7,1235
Greene,2020-12-07,8,1243
Greene,2020-12-08,19,1262
Greene,2020-12-09,4,1266
Greene,2020-12-10,5,1271
Greene,2020-12-11,10,1281
Greene,2020-12-12,16,1297
Greene,2020-12-13,5,1302
Greene,2020-12-14,6,1308
Greene,2020-12-15,6,1314
Guilford,2020-03-17,1,1
Guilford,2020-03-18,1,2
Guilford,2020-03-19,4,6
Guilford,2020-03-20,2,8
Guilford,2020-03-21,5,13
Guilford,2020-03-23,3,16
Guilford,2020-03-24,7,23
Guilford,2020-03-25,1,24
Guilford,2020-03-26,5,29
Guilford,2020-03-27,5,34
Guilford,2020-03-28,1,35
Guilford,2020-03-29,3,38
Guilford,2020-03-30,6,44
Guilford,2020-03-31,6,50
Guilford,2020-04-01,18,68
Guilford,2020-04-02,11,79
Guilford,2020-04-03,15,94
Guilford,2020-04-04,6,100
Guilford,2020-04-05,9,109
Guilford,2020-04-06,12,121
Guilford,2020-04-07,5,126
Guilford,2020-04-08,3,129
Guilford,2020-04-09,1,130
Guilford,2020-04-10,3,133
Guilford,2020-04-11,6,139
Guilford,2020-04-12,3,142
Guilford,2020-04-13,5,147
Guilford,2020-04-14,6,153
Guilford,2020-04-15,8,161
Guilford,2020-04-16,4,165
Guilford,2020-04-17,7,172
Guilford,2020-04-18,8,180
Guilford,2020-04-19,7,187
Guilford,2020-04-20,13,200
Guilford,2020-04-21,32,232
Guilford,2020-04-22,19,251
Guilford,2020-04-23,28,279
Guilford,2020-04-24,30,309
Guilford,2020-04-25,14,323
Guilford,2020-04-26,31,354
Guilford,2020-04-27,20,374
Guilford,2020-04-28,25,399
Guilford,2020-04-29,20,419
Guilford,2020-04-30,22,441
Guilford,2020-05-01,23,464
Guilford,2020-05-02,13,477
Guilford,2020-05-03,11,488
Guilford,2020-05-04,15,503
Guilford,2020-05-05,29,532
Guilford,2020-05-06,27,559
Guilford,2020-05-07,29,588
Guilford,2020-05-08,16,604
Guilford,2020-05-09,28,632
Guilford,2020-05-10,17,649
Guilford,2020-05-11,22,671
Guilford,2020-05-12,25,696
Guilford,2020-05-13,38,734
Guilford,2020-05-14,57,791
Guilford,2020-05-15,32,823
Guilford,2020-05-16,46,869
Guilford,2020-05-17,11,880
Guilford,2020-05-18,34,914
Guilford,2020-05-19,16,930
Guilford,2020-05-20,32,962
Guilford,2020-05-21,30,992
Guilford,2020-05-22,61,1053
Guilford,2020-05-23,27,1080
Guilford,2020-05-24,15,1095
Guilford,2020-05-25,29,1124
Guilford,2020-05-26,20,1144
Guilford,2020-05-27,30,1174
Guilford,2020-05-28,46,1220
Guilford,2020-05-29,41,1261
Guilford,2020-05-30,44,1305
Guilford,2020-05-31,37,1342
Guilford,2020-06-01,33,1375
Guilford,2020-06-02,72,1447
Guilford,2020-06-03,46,1493
Guilford,2020-06-04,66,1559
Guilford,2020-06-05,56,1615
Guilford,2020-06-06,51,1666
Guilford,2020-06-07,68,1734
Guilford,2020-06-08,45,1779
Guilford,2020-06-09,50,1829
Guilford,2020-06-10,46,1875
Guilford,2020-06-11,53,1928
Guilford,2020-06-12,81,2009
Guilford,2020-06-13,45,2054
Guilford,2020-06-14,32,2086
Guilford,2020-06-15,47,2133
Guilford,2020-06-16,57,2190
Guilford,2020-06-17,65,2255
Guilford,2020-06-18,78,2333
Guilford,2020-06-19,39,2372
Guilford,2020-06-20,47,2419
Guilford,2020-06-21,39,2458
Guilford,2020-06-22,49,2507
Guilford,2020-06-23,51,2558
Guilford,2020-06-24,47,2605
Guilford,2020-06-25,50,2655
Guilford,2020-06-26,50,2705
Guilford,2020-06-27,54,2759
Guilford,2020-06-28,33,2792
Guilford,2020-06-29,37,2829
Guilford,2020-06-30,69,2898
Guilford,2020-07-01,55,2953
Guilford,2020-07-02,63,3016
Guilford,2020-07-03,55,3071
Guilford,2020-07-04,38,3109
Guilford,2020-07-05,57,3166
Guilford,2020-07-06,45,3211
Guilford,2020-07-07,83,3294
Guilford,2020-07-08,75,3369
Guilford,2020-07-09,76,3445
Guilford,2020-07-10,85,3530
Guilford,2020-07-11,75,3605
Guilford,2020-07-12,83,3688
Guilford,2020-07-13,73,3761
Guilford,2020-07-14,86,3847
Guilford,2020-07-15,46,3893
Guilford,2020-07-16,60,3953
Guilford,2020-07-17,119,4072
Guilford,2020-07-18,67,4139
Guilford,2020-07-19,75,4214
Guilford,2020-07-20,100,4314
Guilford,2020-07-21,84,4398
Guilford,2020-07-22,100,4498
Guilford,2020-07-23,107,4605
Guilford,2020-07-24,38,4643
Guilford,2020-07-25,67,4710
Guilford,2020-07-26,82,4792
Guilford,2020-07-27,68,4860
Guilford,2020-07-28,60,4920
Guilford,2020-07-29,103,5023
Guilford,2020-07-30,71,5094
Guilford,2020-07-31,75,5169
Guilford,2020-08-01,33,5202
Guilford,2020-08-02,51,5253
Guilford,2020-08-03,46,5299
Guilford,2020-08-04,42,5341
Guilford,2020-08-05,77,5418
Guilford,2020-08-06,90,5508
Guilford,2020-08-07,87,5595
Guilford,2020-08-08,56,5651
Guilford,2020-08-09,29,5680
Guilford,2020-08-10,50,5730
Guilford,2020-08-11,45,5775
Guilford,2020-08-12,68,5843
Guilford,2020-08-13,41,5884
Guilford,2020-08-14,51,5935
Guilford,2020-08-15,55,5990
Guilford,2020-08-16,39,6029
Guilford,2020-08-17,60,6089
Guilford,2020-08-18,45,6134
Guilford,2020-08-19,111,6245
Guilford,2020-08-20,68,6313
Guilford,2020-08-21,60,6373
Guilford,2020-08-22,57,6430
Guilford,2020-08-23,48,6478
Guilford,2020-08-24,48,6526
Guilford,2020-08-25,51,6577
Guilford,2020-08-26,71,6648
Guilford,2020-08-27,85,6733
Guilford,2020-08-28,45,6778
Guilford,2020-08-29,85,6863
Guilford,2020-08-30,50,6913
Guilford,2020-08-31,50,6963
Guilford,2020-09-01,54,7017
Guilford,2020-09-02,83,7100
Guilford,2020-09-03,70,7170
Guilford,2020-09-04,100,7270
Guilford,2020-09-05,56,7326
Guilford,2020-09-06,54,7380
Guilford,2020-09-07,53,7433
Guilford,2020-09-08,42,7475
Guilford,2020-09-09,38,7513
Guilford,2020-09-10,107,7620
Guilford,2020-09-11,79,7699
Guilford,2020-09-12,63,7762
Guilford,2020-09-13,30,7792
Guilford,2020-09-14,68,7860
Guilford,2020-09-15,77,7937
Guilford,2020-09-16,67,8004
Guilford,2020-09-17,93,8097
Guilford,2020-09-18,75,8172
Guilford,2020-09-19,59,8231
Guilford,2020-09-20,35,8266
Guilford,2020-09-21,46,8312
Guilford,2020-09-22,40,8352
Guilford,2020-09-23,93,8445
Guilford,2020-09-24,65,8510
Guilford,2020-09-25,97,8607
Guilford,2020-09-26,54,8661
Guilford,2020-09-27,51,8712
Guilford,2020-09-28,62,8774
Guilford,2020-09-29,51,8825
Guilford,2020-09-30,105,8930
Guilford,2020-10-01,58,8988
Guilford,2020-10-02,116,9104
Guilford,2020-10-03,75,9179
Guilford,2020-10-04,56,9235
Guilford,2020-10-05,74,9309
Guilford,2020-10-06,43,9352
Guilford,2020-10-07,102,9454
Guilford,2020-10-08,93,9547
Guilford,2020-10-09,133,9680
Guilford,2020-10-10,82,9762
Guilford,2020-10-11,58,9820
Guilford,2020-10-12,64,9884
Guilford,2020-10-13,115,9999
Guilford,2020-10-14,71,10070
Guilford,2020-10-15,100,10170
Guilford,2020-10-16,69,10239
Guilford,2020-10-17,90,10329
Guilford,2020-10-18,75,10404
Guilford,2020-10-19,64,10468
Guilford,2020-10-20,70,10538
Guilford,2020-10-21,110,10648
Guilford,2020-10-22,144,10792
Guilford,2020-10-23,96,10888
Guilford,2020-10-24,133,11021
Guilford,2020-10-25,117,11138
Guilford,2020-10-26,91,11229
Guilford,2020-10-27,78,11307
Guilford,2020-10-28,156,11463
Guilford,2020-10-29,143,11606
Guilford,2020-10-30,57,11663
Guilford,2020-10-31,94,11757
Guilford,2020-11-01,77,11834
Guilford,2020-11-02,125,11959
Guilford,2020-11-03,86,12045
Guilford,2020-11-04,181,12226
Guilford,2020-11-05,177,12403
Guilford,2020-11-06,124,12527
Guilford,2020-11-07,175,12702
Guilford,2020-11-08,92,12794
Guilford,2020-11-09,137,12931
Guilford,2020-11-10,164,13095
Guilford,2020-11-11,202,13297
Guilford,2020-11-12,162,13459
Guilford,2020-11-13,208,13667
Guilford,2020-11-14,162,13829
Guilford,2020-11-15,132,13961
Guilford,2020-11-16,218,14179
Guilford,2020-11-17,159,14338
Guilford,2020-11-18,267,14605
Guilford,2020-11-19,214,14819
Guilford,2020-11-20,177,14996
Guilford,2020-11-21,123,15119
Guilford,2020-11-22,137,15256
Guilford,2020-11-23,205,15461
Guilford,2020-11-24,168,15629
Guilford,2020-11-25,184,15813
Guilford,2020-11-26,185,15998
Guilford,2020-11-27,188,16186
Guilford,2020-11-28,116,16302
Guilford,2020-11-29,105,16407
Guilford,2020-11-30,145,16552
Guilford,2020-12-01,203,16755
Guilford,2020-12-02,261,17016
Guilford,2020-12-03,253,17269
Guilford,2020-12-04,229,17498
Guilford,2020-12-05,287,17785
Guilford,2020-12-06,216,18001
Guilford,2020-12-07,269,18270
Guilford,2020-12-08,235,18505
Guilford,2020-12-09,261,18766
Guilford,2020-12-10,243,19009
Guilford,2020-12-11,222,19231
Guilford,2020-12-12,231,19462
Guilford,2020-12-13,207,19669
Guilford,2020-12-14,176,19845
Guilford,2020-12-15,128,19973
Halifax,2020-03-27,2,2
Halifax,2020-03-28,1,3
Halifax,2020-03-30,1,4
Halifax,2020-03-31,1,5
Halifax,2020-04-01,1,6
Halifax,2020-04-02,1,7
Halifax,2020-04-03,3,10
Halifax,2020-04-07,3,13
Halifax,2020-04-08,3,16
Halifax,2020-04-09,1,17
Halifax,2020-04-10,3,20
Halifax,2020-04-11,1,21
Halifax,2020-04-12,1,22
Halifax,2020-04-13,4,26
Halifax,2020-04-15,2,28
Halifax,2020-04-16,2,30
Halifax,2020-04-17,2,32
Halifax,2020-04-18,1,33
Halifax,2020-04-19,2,35
Halifax,2020-04-20,1,36
Halifax,2020-04-21,1,37
Halifax,2020-04-22,1,38
Halifax,2020-04-23,4,42
Halifax,2020-04-24,4,46
Halifax,2020-04-25,4,50
Halifax,2020-04-27,5,55
Halifax,2020-04-28,2,57
Halifax,2020-04-29,2,59
Halifax,2020-04-30,1,60
Halifax,2020-05-01,3,63
Halifax,2020-05-02,2,65
Halifax,2020-05-03,4,69
Halifax,2020-05-04,2,71
Halifax,2020-05-05,3,74
Halifax,2020-05-06,4,78
Halifax,2020-05-07,5,83
Halifax,2020-05-08,2,85
Halifax,2020-05-09,6,91
Halifax,2020-05-10,2,93
Halifax,2020-05-11,2,95
Halifax,2020-05-12,4,99
Halifax,2020-05-13,2,101
Halifax,2020-05-14,7,108
Halifax,2020-05-15,2,110
Halifax,2020-05-17,4,114
Halifax,2020-05-18,10,124
Halifax,2020-05-19,7,131
Halifax,2020-05-20,6,137
Halifax,2020-05-21,3,140
Halifax,2020-05-22,3,143
Halifax,2020-05-23,4,147
Halifax,2020-05-24,3,150
Halifax,2020-05-25,1,151
Halifax,2020-05-26,4,155
Halifax,2020-05-27,6,161
Halifax,2020-05-28,10,171
Halifax,2020-05-29,6,177
Halifax,2020-05-30,2,179
Halifax,2020-05-31,2,181
Halifax,2020-06-01,5,186
Halifax,2020-06-02,6,192
Halifax,2020-06-03,2,194
Halifax,2020-06-04,5,199
Halifax,2020-06-05,2,201
Halifax,2020-06-06,2,203
Halifax,2020-06-07,6,209
Halifax,2020-06-08,8,217
Halifax,2020-06-09,10,227
Halifax,2020-06-10,4,231
Halifax,2020-06-11,7,238
Halifax,2020-06-12,5,243
Halifax,2020-06-13,2,245
Halifax,2020-06-14,1,246
Halifax,2020-06-16,1,247
Halifax,2020-06-17,2,249
Halifax,2020-06-18,14,263
Halifax,2020-06-19,3,266
Halifax,2020-06-20,4,270
Halifax,2020-06-21,2,272
Halifax,2020-06-22,3,275
Halifax,2020-06-23,11,286
Halifax,2020-06-24,3,289
Halifax,2020-06-25,4,293
Halifax,2020-06-26,5,298
Halifax,2020-06-27,4,302
Halifax,2020-06-28,6,308
Halifax,2020-06-29,5,313
Halifax,2020-06-30,2,315
Halifax,2020-07-01,3,318
Halifax,2020-07-02,6,324
Halifax,2020-07-03,3,327
Halifax,2020-07-04,2,329
Halifax,2020-07-05,3,332
Halifax,2020-07-06,7,339
Halifax,2020-07-07,16,355
Halifax,2020-07-08,10,365
Halifax,2020-07-09,19,384
Halifax,2020-07-10,38,422
Halifax,2020-07-11,15,437
Halifax,2020-07-12,1,438
Halifax,2020-07-13,6,444
Halifax,2020-07-14,9,453
Halifax,2020-07-15,15,468
Halifax,2020-07-16,8,476
Halifax,2020-07-17,12,488
Halifax,2020-07-18,4,492
Halifax,2020-07-19,2,494
Halifax,2020-07-20,6,500
Halifax,2020-07-21,19,519
Halifax,2020-07-22,15,534
Halifax,2020-07-23,21,555
Halifax,2020-07-24,13,568
Halifax,2020-07-25,16,584
Halifax,2020-07-26,9,593
Halifax,2020-07-27,20,613
Halifax,2020-07-28,13,626
Halifax,2020-07-29,13,639
Halifax,2020-07-30,15,654
Halifax,2020-07-31,20,674
Halifax,2020-08-01,7,681
Halifax,2020-08-02,3,684
Halifax,2020-08-03,12,696
Halifax,2020-08-04,8,704
Halifax,2020-08-05,13,717
Halifax,2020-08-06,10,727
Halifax,2020-08-07,9,736
Halifax,2020-08-08,3,739
Halifax,2020-08-09,3,742
Halifax,2020-08-10,21,763
Halifax,2020-08-11,5,768
Halifax,2020-08-12,9,777
Halifax,2020-08-13,3,780
Halifax,2020-08-14,10,790
Halifax,2020-08-15,2,792
Halifax,2020-08-16,4,796
Halifax,2020-08-17,3,799
Halifax,2020-08-18,6,805
Halifax,2020-08-19,4,809
Halifax,2020-08-20,8,817
Halifax,2020-08-21,17,834
Halifax,2020-08-22,7,841
Halifax,2020-08-23,2,843
Halifax,2020-08-24,7,850
Halifax,2020-08-25,4,854
Halifax,2020-08-26,7,861
Halifax,2020-08-27,8,869
Halifax,2020-08-28,11,880
Halifax,2020-08-29,2,882
Halifax,2020-08-31,8,890
Halifax,2020-09-01,3,893
Halifax,2020-09-02,9,902
Halifax,2020-09-03,11,913
Halifax,2020-09-04,3,916
Halifax,2020-09-05,1,917
Halifax,2020-09-07,5,922
Halifax,2020-09-08,1,923
Halifax,2020-09-09,4,927
Halifax,2020-09-10,2,929
Halifax,2020-09-11,4,933
Halifax,2020-09-12,4,937
Halifax,2020-09-13,1,938
Halifax,2020-09-14,8,946
Halifax,2020-09-15,6,952
Halifax,2020-09-16,4,956
Halifax,2020-09-17,9,965
Halifax,2020-09-18,10,975
Halifax,2020-09-19,5,980
Halifax,2020-09-21,12,992
Halifax,2020-09-22,8,1000
Halifax,2020-09-23,6,1006
Halifax,2020-09-24,15,1021
Halifax,2020-09-25,11,1032
Halifax,2020-09-26,4,1036
Halifax,2020-09-27,4,1040
Halifax,2020-09-28,9,1049
Halifax,2020-09-29,13,1062
Halifax,2020-09-30,9,1071
Halifax,2020-10-01,13,1084
Halifax,2020-10-02,12,1096
Halifax,2020-10-03,4,1100
Halifax,2020-10-04,4,1104
Halifax,2020-10-05,6,1110
Halifax,2020-10-06,11,1121
Halifax,2020-10-07,10,1131
Halifax,2020-10-08,16,1147
Halifax,2020-10-09,15,1162
Halifax,2020-10-10,6,1168
Halifax,2020-10-11,4,1172
Halifax,2020-10-12,12,1184
Halifax,2020-10-13,10,1194
Halifax,2020-10-14,20,1214
Halifax,2020-10-15,16,1230
Halifax,2020-10-16,24,1254
Halifax,2020-10-17,20,1274
Halifax,2020-10-18,9,1283
Halifax,2020-10-19,7,1290
Halifax,2020-10-20,17,1307
Halifax,2020-10-21,20,1327
Halifax,2020-10-22,25,1352
Halifax,2020-10-23,12,1364
Halifax,2020-10-24,11,1375
Halifax,2020-10-25,7,1382
Halifax,2020-10-26,12,1394
Halifax,2020-10-27,18,1412
Halifax,2020-10-28,25,1437
Halifax,2020-10-29,34,1471
Halifax,2020-10-30,21,1492
Halifax,2020-10-31,8,1500
Halifax,2020-11-01,4,1504
Halifax,2020-11-02,16,1520
Halifax,2020-11-03,12,1532
Halifax,2020-11-04,20,1552
Halifax,2020-11-05,13,1565
Halifax,2020-11-06,10,1575
Halifax,2020-11-07,18,1593
Halifax,2020-11-08,8,1601
Halifax,2020-11-09,13,1614
Halifax,2020-11-10,15,1629
Halifax,2020-11-11,18,1647
Halifax,2020-11-12,44,1691
Halifax,2020-11-13,17,1708
Halifax,2020-11-14,18,1726
Halifax,2020-11-15,11,1737
Halifax,2020-11-16,15,1752
Halifax,2020-11-17,19,1771
Halifax,2020-11-18,15,1786
Halifax,2020-11-19,26,1812
Halifax,2020-11-20,25,1837
Halifax,2020-11-21,23,1860
Halifax,2020-11-22,6,1866
Halifax,2020-11-23,23,1889
Halifax,2020-11-24,26,1915
Halifax,2020-11-25,25,1940
Halifax,2020-11-26,13,1953
Halifax,2020-11-27,9,1962
Halifax,2020-11-28,17,1979
Halifax,2020-11-29,9,1988
Halifax,2020-11-30,17,2005
Halifax,2020-12-01,29,2034
Halifax,2020-12-02,31,2065
Halifax,2020-12-03,35,2100
Halifax,2020-12-04,27,2127
Halifax,2020-12-05,15,2142
Halifax,2020-12-06,5,2147
Halifax,2020-12-07,34,2181
Halifax,2020-12-08,22,2203
Halifax,2020-12-09,34,2237
Halifax,2020-12-10,35,2272
Halifax,2020-12-11,53,2325
Halifax,2020-12-12,19,2344
Halifax,2020-12-13,5,2349
Halifax,2020-12-14,27,2376
Halifax,2020-12-15,32,2408
Harnett,2020-03-12,1,1
Harnett,2020-03-13,1,2
Harnett,2020-03-14,1,3
Harnett,2020-03-16,1,4
Harnett,2020-03-19,2,6
Harnett,2020-03-20,1,7
Harnett,2020-03-21,1,8
Harnett,2020-03-22,1,9
Harnett,2020-03-23,1,10
Harnett,2020-03-27,3,13
Harnett,2020-03-28,1,14
Harnett,2020-03-30,2,16
Harnett,2020-03-31,1,17
Harnett,2020-04-01,2,19
Harnett,2020-04-03,4,23
Harnett,2020-04-04,2,25
Harnett,2020-04-05,6,31
Harnett,2020-04-06,1,32
Harnett,2020-04-07,1,33
Harnett,2020-04-08,1,34
Harnett,2020-04-09,1,35
Harnett,2020-04-10,3,38
Harnett,2020-04-11,7,45
Harnett,2020-04-13,3,48
Harnett,2020-04-14,3,51
Harnett,2020-04-15,2,53
Harnett,2020-04-16,1,54
Harnett,2020-04-17,2,56
Harnett,2020-04-18,3,59
Harnett,2020-04-19,3,62
Harnett,2020-04-20,1,63
Harnett,2020-04-21,3,66
Harnett,2020-04-22,7,73
Harnett,2020-04-23,6,79
Harnett,2020-04-24,44,123
Harnett,2020-04-25,4,127
Harnett,2020-04-26,13,140
Harnett,2020-04-27,3,143
Harnett,2020-04-28,5,148
Harnett,2020-04-29,6,154
Harnett,2020-04-30,8,162
Harnett,2020-05-01,8,170
Harnett,2020-05-02,9,179
Harnett,2020-05-04,7,186
Harnett,2020-05-05,6,192
Harnett,2020-05-06,6,198
Harnett,2020-05-07,4,202
Harnett,2020-05-08,5,207
Harnett,2020-05-09,6,213
Harnett,2020-05-10,8,221
Harnett,2020-05-11,3,224
Harnett,2020-05-12,1,225
Harnett,2020-05-13,5,230
Harnett,2020-05-14,2,232
Harnett,2020-05-15,3,235
Harnett,2020-05-16,5,240
Harnett,2020-05-18,3,243
Harnett,2020-05-19,5,248
Harnett,2020-05-20,1,249
Harnett,2020-05-21,2,251
Harnett,2020-05-22,7,258
Harnett,2020-05-23,6,264
Harnett,2020-05-24,4,268
Harnett,2020-05-25,1,269
Harnett,2020-05-26,4,273
Harnett,2020-05-27,3,276
Harnett,2020-05-28,2,278
Harnett,2020-05-29,3,281
Harnett,2020-05-30,2,283
Harnett,2020-05-31,4,287
Harnett,2020-06-01,6,293
Harnett,2020-06-02,5,298
Harnett,2020-06-03,8,306
Harnett,2020-06-04,9,315
Harnett,2020-06-05,12,327
Harnett,2020-06-06,4,331
Harnett,2020-06-07,5,336
Harnett,2020-06-08,7,343
Harnett,2020-06-09,7,350
Harnett,2020-06-10,11,361
Harnett,2020-06-11,21,382
Harnett,2020-06-12,7,389
Harnett,2020-06-13,7,396
Harnett,2020-06-14,11,407
Harnett,2020-06-15,7,414
Harnett,2020-06-16,8,422
Harnett,2020-06-17,14,436
Harnett,2020-06-18,25,461
Harnett,2020-06-19,29,490
Harnett,2020-06-20,10,500
Harnett,2020-06-21,13,513
Harnett,2020-06-22,11,524
Harnett,2020-06-23,21,545
Harnett,2020-06-24,18,563
Harnett,2020-06-25,26,589
Harnett,2020-06-26,14,603
Harnett,2020-06-27,13,616
Harnett,2020-06-28,5,621
Harnett,2020-06-29,22,643
Harnett,2020-06-30,21,664
Harnett,2020-07-01,14,678
Harnett,2020-07-02,14,692
Harnett,2020-07-03,6,698
Harnett,2020-07-04,7,705
Harnett,2020-07-05,4,709
Harnett,2020-07-06,9,718
Harnett,2020-07-07,11,729
Harnett,2020-07-08,26,755
Harnett,2020-07-09,13,768
Harnett,2020-07-10,16,784
Harnett,2020-07-11,20,804
Harnett,2020-07-12,6,810
Harnett,2020-07-13,15,825
Harnett,2020-07-14,13,838
Harnett,2020-07-15,18,856
Harnett,2020-07-16,11,867
Harnett,2020-07-17,26,893
Harnett,2020-07-18,11,904
Harnett,2020-07-19,10,914
Harnett,2020-07-20,16,930
Harnett,2020-07-21,25,955
Harnett,2020-07-22,19,974
Harnett,2020-07-23,21,995
Harnett,2020-07-24,14,1009
Harnett,2020-07-25,15,1024
Harnett,2020-07-26,19,1043
Harnett,2020-07-27,18,1061
Harnett,2020-07-28,12,1073
Harnett,2020-07-29,13,1086
Harnett,2020-07-30,24,1110
Harnett,2020-07-31,29,1139
Harnett,2020-08-01,21,1160
Harnett,2020-08-02,17,1177
Harnett,2020-08-03,17,1194
Harnett,2020-08-04,12,1206
Harnett,2020-08-05,32,1238
Harnett,2020-08-06,23,1261
Harnett,2020-08-07,13,1274
Harnett,2020-08-08,26,1300
Harnett,2020-08-09,17,1317
Harnett,2020-08-10,12,1329
Harnett,2020-08-11,25,1354
Harnett,2020-08-12,17,1371
Harnett,2020-08-13,19,1390
Harnett,2020-08-14,22,1412
Harnett,2020-08-15,15,1427
Harnett,2020-08-16,6,1433
Harnett,2020-08-17,14,1447
Harnett,2020-08-18,12,1459
Harnett,2020-08-19,16,1475
Harnett,2020-08-20,11,1486
Harnett,2020-08-21,17,1503
Harnett,2020-08-22,7,1510
Harnett,2020-08-23,7,1517
Harnett,2020-08-24,12,1529
Harnett,2020-08-25,11,1540
Harnett,2020-08-26,31,1571
Harnett,2020-08-27,22,1593
Harnett,2020-08-28,11,1604
Harnett,2020-08-29,20,1624
Harnett,2020-08-30,24,1648
Harnett,2020-08-31,25,1673
Harnett,2020-09-01,19,1692
Harnett,2020-09-02,18,1710
Harnett,2020-09-03,23,1733
Harnett,2020-09-04,15,1748
Harnett,2020-09-05,18,1766
Harnett,2020-09-06,2,1768
Harnett,2020-09-07,19,1787
Harnett,2020-09-08,4,1791
Harnett,2020-09-09,20,1811
Harnett,2020-09-10,20,1831
Harnett,2020-09-11,23,1854
Harnett,2020-09-12,6,1860
Harnett,2020-09-13,19,1879
Harnett,2020-09-14,14,1893
Harnett,2020-09-15,23,1916
Harnett,2020-09-16,42,1958
Harnett,2020-09-17,31,1989
Harnett,2020-09-18,44,2033
Harnett,2020-09-19,31,2064
Harnett,2020-09-20,3,2067
Harnett,2020-09-21,15,2082
Harnett,2020-09-22,29,2111
Harnett,2020-09-23,30,2141
Harnett,2020-09-24,22,2163
Harnett,2020-09-25,16,2179
Harnett,2020-09-26,22,2201
Harnett,2020-09-27,6,2207
Harnett,2020-09-28,13,2220
Harnett,2020-09-29,12,2232
Harnett,2020-09-30,21,2253
Harnett,2020-10-01,20,2273
Harnett,2020-10-02,20,2293
Harnett,2020-10-03,21,2314
Harnett,2020-10-04,11,2325
Harnett,2020-10-05,14,2339
Harnett,2020-10-06,25,2364
Harnett,2020-10-07,18,2382
Harnett,2020-10-08,25,2407
Harnett,2020-10-09,15,2422
Harnett,2020-10-10,13,2435
Harnett,2020-10-11,17,2452
Harnett,2020-10-12,12,2464
Harnett,2020-10-13,18,2482
Harnett,2020-10-14,28,2510
Harnett,2020-10-15,18,2528
Harnett,2020-10-16,20,2548
Harnett,2020-10-17,12,2560
Harnett,2020-10-18,21,2581
Harnett,2020-10-19,13,2594
Harnett,2020-10-20,22,2616
Harnett,2020-10-21,36,2652
Harnett,2020-10-22,21,2673
Harnett,2020-10-23,29,2702
Harnett,2020-10-24,13,2715
Harnett,2020-10-25,12,2727
Harnett,2020-10-26,14,2741
Harnett,2020-10-27,33,2774
Harnett,2020-10-28,30,2804
Harnett,2020-10-29,27,2831
Harnett,2020-10-30,26,2857
Harnett,2020-10-31,25,2882
Harnett,2020-11-01,19,2901
Harnett,2020-11-02,9,2910
Harnett,2020-11-03,28,2938
Harnett,2020-11-04,34,2972
Harnett,2020-11-05,28,3000
Harnett,2020-11-06,22,3022
Harnett,2020-11-07,23,3045
Harnett,2020-11-08,16,3061
Harnett,2020-11-09,18,3079
Harnett,2020-11-10,39,3118
Harnett,2020-11-11,19,3137
Harnett,2020-11-12,30,3167
Harnett,2020-11-13,24,3191
Harnett,2020-11-14,26,3217
Harnett,2020-11-15,23,3240
Harnett,2020-11-16,29,3269
Harnett,2020-11-17,41,3310
Harnett,2020-11-18,68,3378
Harnett,2020-11-19,26,3404
Harnett,2020-11-20,34,3438
Harnett,2020-11-21,27,3465
Harnett,2020-11-22,25,3490
Harnett,2020-11-23,24,3514
Harnett,2020-11-24,35,3549
Harnett,2020-11-25,46,3595
Harnett,2020-11-26,33,3628
Harnett,2020-11-27,26,3654
Harnett,2020-11-28,40,3694
Harnett,2020-11-29,22,3716
Harnett,2020-11-30,42,3758
Harnett,2020-12-01,42,3800
Harnett,2020-12-02,68,3868
Harnett,2020-12-03,95,3963
Harnett,2020-12-04,64,4027
Harnett,2020-12-05,48,4075
Harnett,2020-12-06,28,4103
Harnett,2020-12-07,39,4142
Harnett,2020-12-08,64,4206
Harnett,2020-12-09,67,4273
Harnett,2020-12-10,44,4317
Harnett,2020-12-11,51,4368
Harnett,2020-12-12,37,4405
Harnett,2020-12-13,35,4440
Harnett,2020-12-14,26,4466
Harnett,2020-12-15,32,4498
Haywood,2020-04-02,1,1
Haywood,2020-04-03,1,2
Haywood,2020-04-05,1,3
Haywood,2020-04-14,1,4
Haywood,2020-04-17,1,5
Haywood,2020-04-26,1,6
Haywood,2020-04-29,4,10
Haywood,2020-05-01,4,14
Haywood,2020-05-03,1,15
Haywood,2020-05-06,1,16
Haywood,2020-05-08,1,17
Haywood,2020-05-10,1,18
Haywood,2020-05-12,1,19
Haywood,2020-05-14,2,21
Haywood,2020-05-15,1,22
Haywood,2020-05-16,3,25
Haywood,2020-05-17,1,26
Haywood,2020-05-19,1,27
Haywood,2020-05-20,6,33
Haywood,2020-05-21,5,38
Haywood,2020-05-23,1,39
Haywood,2020-05-24,2,41
Haywood,2020-05-26,3,44
Haywood,2020-05-28,2,46
Haywood,2020-05-29,1,47
Haywood,2020-05-31,1,48
Haywood,2020-06-01,5,53
Haywood,2020-06-03,2,55
Haywood,2020-06-05,4,59
Haywood,2020-06-06,1,60
Haywood,2020-06-07,1,61
Haywood,2020-06-08,2,63
Haywood,2020-06-12,2,65
Haywood,2020-06-16,2,67
Haywood,2020-06-17,2,69
Haywood,2020-06-18,1,70
Haywood,2020-06-21,1,71
Haywood,2020-06-23,4,75
Haywood,2020-06-24,1,76
Haywood,2020-06-25,7,83
Haywood,2020-06-26,6,89
Haywood,2020-06-27,2,91
Haywood,2020-06-28,1,92
Haywood,2020-07-01,1,93
Haywood,2020-07-02,2,95
Haywood,2020-07-03,8,103
Haywood,2020-07-05,4,107
Haywood,2020-07-06,1,108
Haywood,2020-07-07,4,112
Haywood,2020-07-08,4,116
Haywood,2020-07-09,4,120
Haywood,2020-07-10,6,126
Haywood,2020-07-11,5,131
Haywood,2020-07-12,2,133
Haywood,2020-07-13,10,143
Haywood,2020-07-14,3,146
Haywood,2020-07-15,8,154
Haywood,2020-07-16,5,159
Haywood,2020-07-17,14,173
Haywood,2020-07-18,2,175
Haywood,2020-07-19,13,188
Haywood,2020-07-20,4,192
Haywood,2020-07-21,5,197
Haywood,2020-07-22,8,205
Haywood,2020-07-23,15,220
Haywood,2020-07-24,14,234
Haywood,2020-07-25,5,239
Haywood,2020-07-26,9,248
Haywood,2020-07-27,5,253
Haywood,2020-07-28,12,265
Haywood,2020-07-29,17,282
Haywood,2020-07-30,12,294
Haywood,2020-07-31,44,338
Haywood,2020-08-01,16,354
Haywood,2020-08-02,11,365
Haywood,2020-08-03,4,369
Haywood,2020-08-04,6,375
Haywood,2020-08-05,14,389
Haywood,2020-08-06,34,423
Haywood,2020-08-07,5,428
Haywood,2020-08-08,7,435
Haywood,2020-08-09,4,439
Haywood,2020-08-10,5,444
Haywood,2020-08-11,3,447
Haywood,2020-08-12,5,452
Haywood,2020-08-13,6,458
Haywood,2020-08-14,5,463
Haywood,2020-08-15,3,466
Haywood,2020-08-16,2,468
Haywood,2020-08-17,3,471
Haywood,2020-08-18,1,472
Haywood,2020-08-19,5,477
Haywood,2020-08-20,5,482
Haywood,2020-08-21,4,486
Haywood,2020-08-22,2,488
Haywood,2020-08-23,3,491
Haywood,2020-08-24,1,492
Haywood,2020-08-25,1,493
Haywood,2020-08-26,2,495
Haywood,2020-08-27,6,501
Haywood,2020-08-28,1,502
Haywood,2020-08-29,10,512
Haywood,2020-08-30,2,514
Haywood,2020-09-02,8,522
Haywood,2020-09-03,3,525
Haywood,2020-09-04,5,530
Haywood,2020-09-05,2,532
Haywood,2020-09-06,4,536
Haywood,2020-09-07,1,537
Haywood,2020-09-08,1,538
Haywood,2020-09-09,3,541
Haywood,2020-09-10,4,545
Haywood,2020-09-11,5,550
Haywood,2020-09-12,4,554
Haywood,2020-09-13,3,557
Haywood,2020-09-14,1,558
Haywood,2020-09-15,5,563
Haywood,2020-09-16,6,569
Haywood,2020-09-17,6,575
Haywood,2020-09-18,3,578
Haywood,2020-09-19,3,581
Haywood,2020-09-20,0,581
Haywood,2020-09-21,5,586
Haywood,2020-09-22,1,587
Haywood,2020-09-23,9,596
Haywood,2020-09-24,5,601
Haywood,2020-09-25,2,603
Haywood,2020-09-26,2,605
Haywood,2020-09-27,2,607
Haywood,2020-09-28,3,610
Haywood,2020-09-29,1,611
Haywood,2020-09-30,6,617
Haywood,2020-10-01,2,619
Haywood,2020-10-02,3,622
Haywood,2020-10-03,3,625
Haywood,2020-10-06,1,626
Haywood,2020-10-07,1,627
Haywood,2020-10-08,7,634
Haywood,2020-10-09,1,635
Haywood,2020-10-10,7,642
Haywood,2020-10-11,1,643
Haywood,2020-10-12,6,649
Haywood,2020-10-13,5,654
Haywood,2020-10-14,6,660
Haywood,2020-10-15,5,665
Haywood,2020-10-16,5,670
Haywood,2020-10-17,4,674
Haywood,2020-10-18,1,675
Haywood,2020-10-20,0,675
Haywood,2020-10-21,2,677
Haywood,2020-10-22,5,682
Haywood,2020-10-23,1,683
Haywood,2020-10-24,4,687
Haywood,2020-10-25,3,690
Haywood,2020-10-26,4,694
Haywood,2020-10-27,5,699
Haywood,2020-10-28,12,711
Haywood,2020-10-29,18,729
Haywood,2020-10-30,2,731
Haywood,2020-10-31,5,736
Haywood,2020-11-01,7,743
Haywood,2020-11-02,13,756
Haywood,2020-11-03,5,761
Haywood,2020-11-04,14,775
Haywood,2020-11-05,12,787
Haywood,2020-11-06,3,790
Haywood,2020-11-07,6,796
Haywood,2020-11-08,3,799
Haywood,2020-11-09,13,812
Haywood,2020-11-10,5,817
Haywood,2020-11-11,6,823
Haywood,2020-11-12,4,827
Haywood,2020-11-13,11,838
Haywood,2020-11-14,16,854
Haywood,2020-11-15,17,871
Haywood,2020-11-16,11,882
Haywood,2020-11-17,19,901
Haywood,2020-11-18,27,928
Haywood,2020-11-19,19,947
Haywood,2020-11-20,12,959
Haywood,2020-11-21,9,968
Haywood,2020-11-22,19,987
Haywood,2020-11-23,21,1008
Haywood,2020-11-24,25,1033
Haywood,2020-11-25,12,1045
Haywood,2020-11-26,31,1076
Haywood,2020-11-27,16,1092
Haywood,2020-11-28,17,1109
Haywood,2020-11-29,26,1135
Haywood,2020-11-30,12,1147
Haywood,2020-12-01,8,1155
Haywood,2020-12-02,14,1169
Haywood,2020-12-03,31,1200
Haywood,2020-12-04,27,1227
Haywood,2020-12-05,17,1244
Haywood,2020-12-06,50,1294
Haywood,2020-12-07,21,1315
Haywood,2020-12-08,11,1326
Haywood,2020-12-09,24,1350
Haywood,2020-12-10,40,1390
Haywood,2020-12-11,25,1415
Haywood,2020-12-12,28,1443
Haywood,2020-12-13,27,1470
Haywood,2020-12-14,6,1476
Haywood,2020-12-15,9,1485
Henderson,2020-03-21,1,1
Henderson,2020-03-23,1,2
Henderson,2020-03-24,1,3
Henderson,2020-03-25,1,4
Henderson,2020-03-26,3,7
Henderson,2020-03-27,5,12
Henderson,2020-03-28,1,13
Henderson,2020-03-29,2,15
Henderson,2020-03-31,3,18
Henderson,2020-04-01,4,22
Henderson,2020-04-02,2,24
Henderson,2020-04-03,1,25
Henderson,2020-04-04,24,49
Henderson,2020-04-05,2,51
Henderson,2020-04-08,5,56
Henderson,2020-04-09,12,68
Henderson,2020-04-10,2,70
Henderson,2020-04-11,8,78
Henderson,2020-04-12,21,99
Henderson,2020-04-14,1,100
Henderson,2020-04-15,5,105
Henderson,2020-04-16,1,106
Henderson,2020-04-17,5,111
Henderson,2020-04-18,9,120
Henderson,2020-04-19,8,128
Henderson,2020-04-21,1,129
Henderson,2020-04-22,2,131
Henderson,2020-04-23,15,146
Henderson,2020-04-24,5,151
Henderson,2020-04-25,2,153
Henderson,2020-04-26,1,154
Henderson,2020-04-27,1,155
Henderson,2020-04-28,29,184
Henderson,2020-04-29,7,191
Henderson,2020-04-30,3,194
Henderson,2020-05-01,3,197
Henderson,2020-05-02,2,199
Henderson,2020-05-03,2,201
Henderson,2020-05-04,7,208
Henderson,2020-05-05,4,212
Henderson,2020-05-06,5,217
Henderson,2020-05-07,2,219
Henderson,2020-05-08,22,241
Henderson,2020-05-09,1,242
Henderson,2020-05-10,2,244
Henderson,2020-05-11,10,254
Henderson,2020-05-12,5,259
Henderson,2020-05-13,8,267
Henderson,2020-05-14,5,272
Henderson,2020-05-15,7,279
Henderson,2020-05-16,4,283
Henderson,2020-05-17,4,287
Henderson,2020-05-18,2,289
Henderson,2020-05-19,6,295
Henderson,2020-05-20,6,301
Henderson,2020-05-21,4,305
Henderson,2020-05-22,4,309
Henderson,2020-05-23,3,312
Henderson,2020-05-24,3,315
Henderson,2020-05-25,1,316
Henderson,2020-05-26,7,323
Henderson,2020-05-27,5,328
Henderson,2020-05-28,1,329
Henderson,2020-05-29,10,339
Henderson,2020-05-30,6,345
Henderson,2020-05-31,5,350
Henderson,2020-06-01,1,351
Henderson,2020-06-02,2,353
Henderson,2020-06-03,4,357
Henderson,2020-06-04,5,362
Henderson,2020-06-05,16,378
Henderson,2020-06-06,4,382
Henderson,2020-06-07,5,387
Henderson,2020-06-08,6,393
Henderson,2020-06-09,6,399
Henderson,2020-06-10,16,415
Henderson,2020-06-11,10,425
Henderson,2020-06-12,9,434
Henderson,2020-06-13,14,448
Henderson,2020-06-14,10,458
Henderson,2020-06-15,9,467
Henderson,2020-06-16,2,469
Henderson,2020-06-17,8,477
Henderson,2020-06-18,14,491
Henderson,2020-06-19,17,508
Henderson,2020-06-20,9,517
Henderson,2020-06-21,3,520
Henderson,2020-06-22,7,527
Henderson,2020-06-23,8,535
Henderson,2020-06-24,9,544
Henderson,2020-06-25,10,554
Henderson,2020-06-26,13,567
Henderson,2020-06-27,12,579
Henderson,2020-06-28,23,602
Henderson,2020-06-29,31,633
Henderson,2020-06-30,19,652
Henderson,2020-07-01,22,674
Henderson,2020-07-02,15,689
Henderson,2020-07-03,20,709
Henderson,2020-07-04,17,726
Henderson,2020-07-05,17,743
Henderson,2020-07-06,15,758
Henderson,2020-07-07,46,804
Henderson,2020-07-08,24,828
Henderson,2020-07-09,16,844
Henderson,2020-07-10,34,878
Henderson,2020-07-11,24,902
Henderson,2020-07-12,68,970
Henderson,2020-07-13,11,981
Henderson,2020-07-14,14,995
Henderson,2020-07-15,19,1014
Henderson,2020-07-16,29,1043
Henderson,2020-07-17,19,1062
Henderson,2020-07-18,41,1103
Henderson,2020-07-19,22,1125
Henderson,2020-07-20,54,1179
Henderson,2020-07-21,20,1199
Henderson,2020-07-22,27,1226
Henderson,2020-07-23,23,1249
Henderson,2020-07-24,24,1273
Henderson,2020-07-25,22,1295
Henderson,2020-07-26,12,1307
Henderson,2020-07-27,22,1329
Henderson,2020-07-28,11,1340
Henderson,2020-07-29,7,1347
Henderson,2020-07-30,8,1355
Henderson,2020-07-31,24,1379
Henderson,2020-08-01,8,1387
Henderson,2020-08-02,7,1394
Henderson,2020-08-03,25,1419
Henderson,2020-08-04,11,1430
Henderson,2020-08-05,19,1449
Henderson,2020-08-06,9,1458
Henderson,2020-08-07,12,1470
Henderson,2020-08-08,8,1478
Henderson,2020-08-09,8,1486
Henderson,2020-08-10,9,1495
Henderson,2020-08-11,20,1515
Henderson,2020-08-12,21,1536
Henderson,2020-08-13,11,1547
Henderson,2020-08-14,14,1561
Henderson,2020-08-15,7,1568
Henderson,2020-08-16,7,1575
Henderson,2020-08-17,9,1584
Henderson,2020-08-18,13,1597
Henderson,2020-08-19,27,1624
Henderson,2020-08-20,12,1636
Henderson,2020-08-21,10,1646
Henderson,2020-08-22,6,1652
Henderson,2020-08-23,6,1658
Henderson,2020-08-24,3,1661
Henderson,2020-08-25,4,1665
Henderson,2020-08-26,10,1675
Henderson,2020-08-27,9,1684
Henderson,2020-08-28,6,1690
Henderson,2020-08-29,4,1694
Henderson,2020-08-30,3,1697
Henderson,2020-08-31,4,1701
Henderson,2020-09-01,9,1710
Henderson,2020-09-02,10,1720
Henderson,2020-09-03,10,1730
Henderson,2020-09-04,21,1751
Henderson,2020-09-05,4,1755
Henderson,2020-09-06,5,1760
Henderson,2020-09-07,0,1760
Henderson,2020-09-08,15,1775
Henderson,2020-09-09,19,1794
Henderson,2020-09-10,13,1807
Henderson,2020-09-11,10,1817
Henderson,2020-09-12,11,1828
Henderson,2020-09-13,6,1834
Henderson,2020-09-14,21,1855
Henderson,2020-09-15,11,1866
Henderson,2020-09-16,19,1885
Henderson,2020-09-17,15,1900
Henderson,2020-09-18,14,1914
Henderson,2020-09-19,9,1923
Henderson,2020-09-20,3,1926
Henderson,2020-09-21,11,1937
Henderson,2020-09-22,13,1950
Henderson,2020-09-23,10,1960
Henderson,2020-09-24,11,1971
Henderson,2020-09-25,10,1981
Henderson,2020-09-26,13,1994
Henderson,2020-09-27,4,1998
Henderson,2020-09-28,13,2011
Henderson,2020-09-29,14,2025
Henderson,2020-09-30,20,2045
Henderson,2020-10-01,17,2062
Henderson,2020-10-02,16,2078
Henderson,2020-10-03,13,2091
Henderson,2020-10-04,8,2099
Henderson,2020-10-05,11,2110
Henderson,2020-10-06,12,2122
Henderson,2020-10-07,15,2137
Henderson,2020-10-08,12,2149
Henderson,2020-10-09,20,2169
Henderson,2020-10-10,18,2187
Henderson,2020-10-11,11,2198
Henderson,2020-10-12,26,2224
Henderson,2020-10-13,24,2248
Henderson,2020-10-14,28,2276
Henderson,2020-10-15,25,2301
Henderson,2020-10-16,16,2317
Henderson,2020-10-17,10,2327
Henderson,2020-10-18,6,2333
Henderson,2020-10-19,9,2342
Henderson,2020-10-20,22,2364
Henderson,2020-10-21,22,2386
Henderson,2020-10-22,24,2410
Henderson,2020-10-23,8,2418
Henderson,2020-10-24,18,2436
Henderson,2020-10-25,14,2450
Henderson,2020-10-26,13,2463
Henderson,2020-10-27,7,2470
Henderson,2020-10-28,19,2489
Henderson,2020-10-29,11,2500
Henderson,2020-10-30,21,2521
Henderson,2020-10-31,9,2530
Henderson,2020-11-01,6,2536
Henderson,2020-11-02,20,2556
Henderson,2020-11-03,11,2567
Henderson,2020-11-04,15,2582
Henderson,2020-11-05,16,2598
Henderson,2020-11-06,18,2616
Henderson,2020-11-07,7,2623
Henderson,2020-11-08,11,2634
Henderson,2020-11-09,24,2658
Henderson,2020-11-10,13,2671
Henderson,2020-11-11,18,2689
Henderson,2020-11-12,33,2722
Henderson,2020-11-13,37,2759
Henderson,2020-11-14,11,2770
Henderson,2020-11-15,17,2787
Henderson,2020-11-16,33,2820
Henderson,2020-11-17,14,2834
Henderson,2020-11-18,23,2857
Henderson,2020-11-19,18,2875
Henderson,2020-11-20,49,2924
Henderson,2020-11-21,16,2940
Henderson,2020-11-22,16,2956
Henderson,2020-11-23,26,2982
Henderson,2020-11-24,30,3012
Henderson,2020-11-25,33,3045
Henderson,2020-11-26,20,3065
Henderson,2020-11-27,23,3088
Henderson,2020-11-28,29,3117
Henderson,2020-11-29,9,3126
Henderson,2020-11-30,26,3152
Henderson,2020-12-01,34,3186
Henderson,2020-12-02,32,3218
Henderson,2020-12-03,54,3272
Henderson,2020-12-04,30,3302
Henderson,2020-12-05,47,3349
Henderson,2020-12-06,30,3379
Henderson,2020-12-07,54,3433
Henderson,2020-12-08,47,3480
Henderson,2020-12-09,62,3542
Henderson,2020-12-10,61,3603
Henderson,2020-12-11,134,3737
Henderson,2020-12-12,44,3781
Henderson,2020-12-13,57,3838
Henderson,2020-12-14,70,3908
Henderson,2020-12-15,61,3969
Hertford,2020-03-23,1,1
Hertford,2020-03-25,1,2
Hertford,2020-03-30,2,4
Hertford,2020-04-09,1,5
Hertford,2020-04-16,2,7
Hertford,2020-04-18,3,10
Hertford,2020-04-20,1,11
Hertford,2020-04-21,3,14
Hertford,2020-04-22,2,16
Hertford,2020-04-23,3,19
Hertford,2020-04-24,10,29
Hertford,2020-04-25,2,31
Hertford,2020-04-26,2,33
Hertford,2020-04-27,2,35
Hertford,2020-04-29,3,38
Hertford,2020-04-30,3,41
Hertford,2020-05-01,2,43
Hertford,2020-05-02,1,44
Hertford,2020-05-03,2,46
Hertford,2020-05-04,1,47
Hertford,2020-05-05,1,48
Hertford,2020-05-06,1,49
Hertford,2020-05-08,1,50
Hertford,2020-05-10,2,52
Hertford,2020-05-15,2,54
Hertford,2020-05-16,1,55
Hertford,2020-05-18,4,59
Hertford,2020-05-19,1,60
Hertford,2020-05-20,1,61
Hertford,2020-05-22,3,64
Hertford,2020-05-23,1,65
Hertford,2020-05-24,3,68
Hertford,2020-05-25,2,70
Hertford,2020-05-26,2,72
Hertford,2020-05-27,1,73
Hertford,2020-05-28,19,92
Hertford,2020-05-29,30,122
Hertford,2020-05-30,3,125
Hertford,2020-05-31,7,132
Hertford,2020-06-01,1,133
Hertford,2020-06-02,2,135
Hertford,2020-06-04,2,137
Hertford,2020-06-07,1,138
Hertford,2020-06-08,6,144
Hertford,2020-06-10,7,151
Hertford,2020-06-13,2,153
Hertford,2020-06-14,1,154
Hertford,2020-06-15,1,155
Hertford,2020-06-17,2,157
Hertford,2020-06-19,1,158
Hertford,2020-06-21,1,159
Hertford,2020-06-22,1,160
Hertford,2020-06-24,1,161
Hertford,2020-06-25,1,162
Hertford,2020-06-26,2,164
Hertford,2020-06-27,1,165
Hertford,2020-06-29,2,167
Hertford,2020-06-30,1,168
Hertford,2020-07-01,3,171
Hertford,2020-07-02,1,172
Hertford,2020-07-03,1,173
Hertford,2020-07-04,1,174
Hertford,2020-07-05,2,176
Hertford,2020-07-06,1,177
Hertford,2020-07-08,1,178
Hertford,2020-07-09,3,181
Hertford,2020-07-13,1,182
Hertford,2020-07-14,6,188
Hertford,2020-07-15,1,189
Hertford,2020-07-16,10,199
Hertford,2020-07-17,5,204
Hertford,2020-07-18,4,208
Hertford,2020-07-19,1,209
Hertford,2020-07-20,5,214
Hertford,2020-07-21,9,223
Hertford,2020-07-22,11,234
Hertford,2020-07-23,4,238
Hertford,2020-07-24,3,241
Hertford,2020-07-25,6,247
Hertford,2020-07-26,5,252
Hertford,2020-07-27,6,258
Hertford,2020-07-28,7,265
Hertford,2020-07-29,11,276
Hertford,2020-07-30,7,283
Hertford,2020-07-31,4,287
Hertford,2020-08-01,12,299
Hertford,2020-08-02,10,309
Hertford,2020-08-03,7,316
Hertford,2020-08-04,3,319
Hertford,2020-08-05,4,323
Hertford,2020-08-06,5,328
Hertford,2020-08-07,15,343
Hertford,2020-08-08,7,350
Hertford,2020-08-09,6,356
Hertford,2020-08-10,7,363
Hertford,2020-08-11,7,370
Hertford,2020-08-12,8,378
Hertford,2020-08-13,10,388
Hertford,2020-08-14,11,399
Hertford,2020-08-15,5,404
Hertford,2020-08-16,8,412
Hertford,2020-08-17,3,415
Hertford,2020-08-18,6,421
Hertford,2020-08-19,11,432
Hertford,2020-08-20,19,451
Hertford,2020-08-21,11,462
Hertford,2020-08-22,8,470
Hertford,2020-08-23,6,476
Hertford,2020-08-24,17,493
Hertford,2020-08-25,9,502
Hertford,2020-08-26,20,522
Hertford,2020-08-27,18,540
Hertford,2020-08-28,10,550
Hertford,2020-08-29,8,558
Hertford,2020-08-30,8,566
Hertford,2020-08-31,13,579
Hertford,2020-09-01,9,588
Hertford,2020-09-02,14,602
Hertford,2020-09-03,2,604
Hertford,2020-09-04,12,616
Hertford,2020-09-05,5,621
Hertford,2020-09-06,5,626
Hertford,2020-09-07,3,629
Hertford,2020-09-08,2,631
Hertford,2020-09-09,7,638
Hertford,2020-09-10,9,647
Hertford,2020-09-11,3,650
Hertford,2020-09-12,4,654
Hertford,2020-09-13,4,658
Hertford,2020-09-14,6,664
Hertford,2020-09-15,4,668
Hertford,2020-09-16,13,681
Hertford,2020-09-17,11,692
Hertford,2020-09-18,14,706
Hertford,2020-09-19,5,711
Hertford,2020-09-20,9,720
Hertford,2020-09-21,14,734
Hertford,2020-09-22,11,745
Hertford,2020-09-23,13,758
Hertford,2020-09-24,6,764
Hertford,2020-09-25,4,768
Hertford,2020-09-26,4,772
Hertford,2020-09-27,1,773
Hertford,2020-09-28,4,777
Hertford,2020-09-29,9,786
Hertford,2020-09-30,8,794
Hertford,2020-10-01,7,801
Hertford,2020-10-02,4,805
Hertford,2020-10-03,6,811
Hertford,2020-10-04,4,815
Hertford,2020-10-05,3,818
Hertford,2020-10-06,2,820
Hertford,2020-10-07,2,822
Hertford,2020-10-08,4,826
Hertford,2020-10-09,1,827
Hertford,2020-10-10,2,829
Hertford,2020-10-12,3,832
Hertford,2020-10-13,4,836
Hertford,2020-10-14,2,838
Hertford,2020-10-16,3,841
Hertford,2020-10-17,4,845
Hertford,2020-10-20,4,849
Hertford,2020-10-21,2,851
Hertford,2020-10-22,1,852
Hertford,2020-10-26,1,853
Hertford,2020-10-27,1,854
Hertford,2020-10-28,1,855
Hertford,2020-10-29,4,859
Hertford,2020-10-30,5,864
Hertford,2020-10-31,3,867
Hertford,2020-11-01,1,868
Hertford,2020-11-02,5,873
Hertford,2020-11-03,4,877
Hertford,2020-11-04,4,881
Hertford,2020-11-05,2,883
Hertford,2020-11-06,6,889
Hertford,2020-11-07,4,893
Hertford,2020-11-08,1,894
Hertford,2020-11-09,2,896
Hertford,2020-11-11,4,900
Hertford,2020-11-12,5,905
Hertford,2020-11-13,6,911
Hertford,2020-11-14,6,917
Hertford,2020-11-15,3,920
Hertford,2020-11-16,5,925
Hertford,2020-11-17,3,928
Hertford,2020-11-18,2,930
Hertford,2020-11-19,4,934
Hertford,2020-11-20,6,940
Hertford,2020-11-21,6,946
Hertford,2020-11-22,7,953
Hertford,2020-11-23,5,958
Hertford,2020-11-24,10,968
Hertford,2020-11-25,5,973
Hertford,2020-11-26,5,978
Hertford,2020-11-27,4,982
Hertford,2020-11-28,4,986
Hertford,2020-11-29,5,991
Hertford,2020-11-30,2,993
Hertford,2020-12-01,11,1004
Hertford,2020-12-02,10,1014
Hertford,2020-12-03,14,1028
Hertford,2020-12-04,8,1036
Hertford,2020-12-05,6,1042
Hertford,2020-12-06,5,1047
Hertford,2020-12-07,8,1055
Hertford,2020-12-08,7,1062
Hertford,2020-12-09,13,1075
Hertford,2020-12-10,6,1081
Hertford,2020-12-11,18,1099
Hertford,2020-12-12,10,1109
Hertford,2020-12-13,4,1113
Hertford,2020-12-14,8,1121
Hertford,2020-12-15,14,1135
Hoke,2020-03-18,1,1
Hoke,2020-03-20,1,2
Hoke,2020-03-27,1,3
Hoke,2020-03-30,1,4
Hoke,2020-04-01,3,7
Hoke,2020-04-02,2,9
Hoke,2020-04-03,1,10
Hoke,2020-04-05,1,11
Hoke,2020-04-06,1,12
Hoke,2020-04-07,1,13
Hoke,2020-04-08,2,15
Hoke,2020-04-09,3,18
Hoke,2020-04-10,1,19
Hoke,2020-04-13,1,20
Hoke,2020-04-15,1,21
Hoke,2020-04-16,1,22
Hoke,2020-04-17,2,24
Hoke,2020-04-19,1,25
Hoke,2020-04-21,6,31
Hoke,2020-04-22,4,35
Hoke,2020-04-23,6,41
Hoke,2020-04-24,8,49
Hoke,2020-04-25,3,52
Hoke,2020-04-26,12,64
Hoke,2020-04-27,7,71
Hoke,2020-04-28,3,74
Hoke,2020-04-29,7,81
Hoke,2020-04-30,4,85
Hoke,2020-05-01,10,95
Hoke,2020-05-02,2,97
Hoke,2020-05-04,7,104
Hoke,2020-05-05,5,109
Hoke,2020-05-06,8,117
Hoke,2020-05-07,4,121
Hoke,2020-05-08,4,125
Hoke,2020-05-10,3,128
Hoke,2020-05-11,4,132
Hoke,2020-05-12,3,135
Hoke,2020-05-13,6,141
Hoke,2020-05-14,6,147
Hoke,2020-05-15,8,155
Hoke,2020-05-16,2,157
Hoke,2020-05-17,2,159
Hoke,2020-05-18,7,166
Hoke,2020-05-19,7,173
Hoke,2020-05-20,7,180
Hoke,2020-05-21,2,182
Hoke,2020-05-22,13,195
Hoke,2020-05-23,4,199
Hoke,2020-05-24,3,202
Hoke,2020-05-25,6,208
Hoke,2020-05-26,8,216
Hoke,2020-05-27,4,220
Hoke,2020-05-28,10,230
Hoke,2020-05-29,6,236
Hoke,2020-05-30,4,240
Hoke,2020-05-31,5,245
Hoke,2020-06-01,6,251
Hoke,2020-06-02,6,257
Hoke,2020-06-03,4,261
Hoke,2020-06-04,4,265
Hoke,2020-06-05,4,269
Hoke,2020-06-06,5,274
Hoke,2020-06-07,3,277
Hoke,2020-06-08,7,284
Hoke,2020-06-09,2,286
Hoke,2020-06-10,4,290
Hoke,2020-06-11,7,297
Hoke,2020-06-12,1,298
Hoke,2020-06-13,1,299
Hoke,2020-06-14,5,304
Hoke,2020-06-16,5,309
Hoke,2020-06-17,4,313
Hoke,2020-06-18,6,319
Hoke,2020-06-19,6,325
Hoke,2020-06-20,4,329
Hoke,2020-06-21,2,331
Hoke,2020-06-22,1,332
Hoke,2020-06-23,4,336
Hoke,2020-06-24,5,341
Hoke,2020-06-25,7,348
Hoke,2020-06-26,6,354
Hoke,2020-06-27,7,361
Hoke,2020-06-28,9,370
Hoke,2020-06-29,8,378
Hoke,2020-06-30,9,387
Hoke,2020-07-01,2,389
Hoke,2020-07-02,6,395
Hoke,2020-07-03,5,400
Hoke,2020-07-04,15,415
Hoke,2020-07-05,6,421
Hoke,2020-07-06,2,423
Hoke,2020-07-07,10,433
Hoke,2020-07-08,9,442
Hoke,2020-07-09,11,453
Hoke,2020-07-10,10,463
Hoke,2020-07-11,11,474
Hoke,2020-07-12,8,482
Hoke,2020-07-13,10,492
Hoke,2020-07-14,7,499
Hoke,2020-07-15,12,511
Hoke,2020-07-16,20,531
Hoke,2020-07-17,22,553
Hoke,2020-07-18,6,559
Hoke,2020-07-19,10,569
Hoke,2020-07-20,6,575
Hoke,2020-07-21,13,588
Hoke,2020-07-22,13,601
Hoke,2020-07-23,12,613
Hoke,2020-07-24,15,628
Hoke,2020-07-25,8,636
Hoke,2020-07-26,6,642
Hoke,2020-07-27,13,655
Hoke,2020-07-28,10,665
Hoke,2020-07-29,2,667
Hoke,2020-07-30,12,679
Hoke,2020-07-31,7,686
Hoke,2020-08-01,7,693
Hoke,2020-08-02,3,696
Hoke,2020-08-03,3,699
Hoke,2020-08-04,14,713
Hoke,2020-08-05,5,718
Hoke,2020-08-06,9,727
Hoke,2020-08-07,2,729
Hoke,2020-08-08,6,735
Hoke,2020-08-09,3,738
Hoke,2020-08-10,8,746
Hoke,2020-08-11,16,762
Hoke,2020-08-12,12,774
Hoke,2020-08-13,9,783
Hoke,2020-08-14,8,791
Hoke,2020-08-15,7,798
Hoke,2020-08-16,5,803
Hoke,2020-08-18,3,806
Hoke,2020-08-19,6,812
Hoke,2020-08-20,9,821
Hoke,2020-08-21,6,827
Hoke,2020-08-22,11,838
Hoke,2020-08-23,12,850
Hoke,2020-08-24,7,857
Hoke,2020-08-25,8,865
Hoke,2020-08-26,6,871
Hoke,2020-08-27,5,876
Hoke,2020-08-28,5,881
Hoke,2020-08-29,7,888
Hoke,2020-08-30,4,892
Hoke,2020-08-31,4,896
Hoke,2020-09-01,3,899
Hoke,2020-09-02,7,906
Hoke,2020-09-03,9,915
Hoke,2020-09-04,4,919
Hoke,2020-09-05,9,928
Hoke,2020-09-06,3,931
Hoke,2020-09-07,6,937
Hoke,2020-09-08,2,939
Hoke,2020-09-09,7,946
Hoke,2020-09-10,14,960
Hoke,2020-09-11,19,979
Hoke,2020-09-12,19,998
Hoke,2020-09-13,7,1005
Hoke,2020-09-14,23,1028
Hoke,2020-09-15,6,1034
Hoke,2020-09-16,30,1064
Hoke,2020-09-17,11,1075
Hoke,2020-09-18,1,1076
Hoke,2020-09-19,11,1087
Hoke,2020-09-20,2,1089
Hoke,2020-09-21,3,1092
Hoke,2020-09-22,16,1108
Hoke,2020-09-23,27,1135
Hoke,2020-09-24,11,1146
Hoke,2020-09-25,18,1164
Hoke,2020-09-26,10,1174
Hoke,2020-09-27,7,1181
Hoke,2020-09-28,11,1192
Hoke,2020-09-29,34,1226
Hoke,2020-09-30,12,1238
Hoke,2020-10-01,21,1259
Hoke,2020-10-02,4,1263
Hoke,2020-10-03,20,1283
Hoke,2020-10-04,11,1294
Hoke,2020-10-05,7,1301
Hoke,2020-10-06,16,1317
Hoke,2020-10-07,8,1325
Hoke,2020-10-08,11,1336
Hoke,2020-10-09,8,1344
Hoke,2020-10-10,7,1351
Hoke,2020-10-11,6,1357
Hoke,2020-10-12,7,1364
Hoke,2020-10-13,8,1372
Hoke,2020-10-14,16,1388
Hoke,2020-10-15,15,1403
Hoke,2020-10-16,17,1420
Hoke,2020-10-17,4,1424
Hoke,2020-10-18,7,1431
Hoke,2020-10-19,4,1435
Hoke,2020-10-20,11,1446
Hoke,2020-10-21,10,1456
Hoke,2020-10-22,10,1466
Hoke,2020-10-23,11,1477
Hoke,2020-10-24,7,1484
Hoke,2020-10-25,8,1492
Hoke,2020-10-26,3,1495
Hoke,2020-10-27,8,1503
Hoke,2020-10-28,3,1506
Hoke,2020-10-29,8,1514
Hoke,2020-10-30,19,1533
Hoke,2020-10-31,13,1546
Hoke,2020-11-01,8,1554
Hoke,2020-11-02,7,1561
Hoke,2020-11-03,13,1574
Hoke,2020-11-04,12,1586
Hoke,2020-11-05,13,1599
Hoke,2020-11-06,10,1609
Hoke,2020-11-07,9,1618
Hoke,2020-11-08,10,1628
Hoke,2020-11-09,5,1633
Hoke,2020-11-10,22,1655
Hoke,2020-11-11,12,1667
Hoke,2020-11-12,20,1687
Hoke,2020-11-13,10,1697
Hoke,2020-11-14,8,1705
Hoke,2020-11-15,9,1714
Hoke,2020-11-16,13,1727
Hoke,2020-11-17,30,1757
Hoke,2020-11-18,20,1777
Hoke,2020-11-19,18,1795
Hoke,2020-11-20,14,1809
Hoke,2020-11-21,11,1820
Hoke,2020-11-22,3,1823
Hoke,2020-11-23,12,1835
Hoke,2020-11-24,8,1843
Hoke,2020-11-25,17,1860
Hoke,2020-11-26,13,1873
Hoke,2020-11-27,15,1888
Hoke,2020-11-28,9,1897
Hoke,2020-11-29,7,1904
Hoke,2020-11-30,6,1910
Hoke,2020-12-01,42,1952
Hoke,2020-12-02,23,1975
Hoke,2020-12-03,27,2002
Hoke,2020-12-04,10,2012
Hoke,2020-12-05,26,2038
Hoke,2020-12-06,14,2052
Hoke,2020-12-07,20,2072
Hoke,2020-12-08,33,2105
Hoke,2020-12-09,39,2144
Hoke,2020-12-10,38,2182
Hoke,2020-12-11,25,2207
Hoke,2020-12-12,23,2230
Hoke,2020-12-13,12,2242
Hoke,2020-12-14,18,2260
Hoke,2020-12-15,33,2293
Hyde,2020-04-28,1,1
Hyde,2020-06-03,1,2
Hyde,2020-06-13,1,3
Hyde,2020-06-19,3,6
Hyde,2020-06-25,1,7
Hyde,2020-06-26,2,9
Hyde,2020-06-27,1,10
Hyde,2020-06-28,1,11
Hyde,2020-06-29,1,12
Hyde,2020-07-02,1,13
Hyde,2020-07-04,3,16
Hyde,2020-07-05,4,20
Hyde,2020-07-06,1,21
Hyde,2020-07-07,3,24
Hyde,2020-07-08,1,25
Hyde,2020-07-09,3,28
Hyde,2020-07-10,3,31
Hyde,2020-07-11,2,33
Hyde,2020-07-20,2,35
Hyde,2020-07-26,1,36
Hyde,2020-07-27,1,37
Hyde,2020-08-06,2,39
Hyde,2020-08-07,4,43
Hyde,2020-08-08,2,45
Hyde,2020-08-09,1,46
Hyde,2020-08-12,2,48
Hyde,2020-08-13,5,53
Hyde,2020-08-14,1,54
Hyde,2020-08-15,5,59
Hyde,2020-08-16,1,60
Hyde,2020-08-17,3,63
Hyde,2020-08-18,1,64
Hyde,2020-08-19,2,66
Hyde,2020-08-20,6,72
Hyde,2020-08-21,2,74
Hyde,2020-08-22,5,79
Hyde,2020-08-23,2,81
Hyde,2020-08-24,4,85
Hyde,2020-08-25,3,88
Hyde,2020-08-26,2,90
Hyde,2020-08-27,2,92
Hyde,2020-08-28,1,93
Hyde,2020-08-29,3,96
Hyde,2020-08-30,3,99
Hyde,2020-08-31,3,102
Hyde,2020-09-01,3,105
Hyde,2020-09-02,2,107
Hyde,2020-09-03,3,110
Hyde,2020-09-04,1,111
Hyde,2020-09-06,1,112
Hyde,2020-09-07,1,113
Hyde,2020-09-08,1,114
Hyde,2020-09-09,4,118
Hyde,2020-09-10,4,122
Hyde,2020-09-11,1,123
Hyde,2020-09-13,1,124
Hyde,2020-09-22,1,125
Hyde,2020-09-25,1,126
Hyde,2020-09-30,1,127
Hyde,2020-10-02,2,129
Hyde,2020-10-04,15,144
Hyde,2020-10-07,1,145
Hyde,2020-10-09,2,147
Hyde,2020-10-10,1,148
Hyde,2020-10-13,2,150
Hyde,2020-10-14,15,165
Hyde,2020-10-15,8,173
Hyde,2020-10-19,1,174
Hyde,2020-10-26,1,175
Hyde,2020-11-01,1,176
Hyde,2020-11-02,1,177
Hyde,2020-11-04,1,178
Hyde,2020-11-07,1,179
Hyde,2020-11-16,1,180
Hyde,2020-11-19,1,181
Hyde,2020-11-22,0,181
Hyde,2020-11-24,1,182
Hyde,2020-11-25,1,183
Hyde,2020-11-26,1,184
Hyde,2020-11-28,1,185
Hyde,2020-12-01,2,187
Hyde,2020-12-03,1,188
Hyde,2020-12-05,2,190
Hyde,2020-12-07,1,191
Hyde,2020-12-08,3,194
Hyde,2020-12-10,2,196
Hyde,2020-12-11,4,200
Hyde,2020-12-12,6,206
Hyde,2020-12-13,8,214
Hyde,2020-12-14,2,216
Hyde,2020-12-15,3,219
Iredell,2020-03-12,1,1
Iredell,2020-03-18,1,2
Iredell,2020-03-21,5,7
Iredell,2020-03-23,2,9
Iredell,2020-03-24,2,11
Iredell,2020-03-25,2,13
Iredell,2020-03-26,2,15
Iredell,2020-03-27,3,18
Iredell,2020-03-28,3,21
Iredell,2020-03-29,3,24
Iredell,2020-03-30,1,25
Iredell,2020-04-01,6,31
Iredell,2020-04-02,5,36
Iredell,2020-04-03,6,42
Iredell,2020-04-04,5,47
Iredell,2020-04-05,5,52
Iredell,2020-04-06,2,54
Iredell,2020-04-07,3,57
Iredell,2020-04-08,4,61
Iredell,2020-04-09,3,64
Iredell,2020-04-10,5,69
Iredell,2020-04-11,2,71
Iredell,2020-04-12,1,72
Iredell,2020-04-15,3,75
Iredell,2020-04-16,4,79
Iredell,2020-04-17,6,85
Iredell,2020-04-18,2,87
Iredell,2020-04-20,5,92
Iredell,2020-04-21,3,95
Iredell,2020-04-23,4,99
Iredell,2020-04-24,2,101
Iredell,2020-04-25,1,102
Iredell,2020-04-26,2,104
Iredell,2020-04-27,4,108
Iredell,2020-04-28,1,109
Iredell,2020-04-29,4,113
Iredell,2020-04-30,3,116
Iredell,2020-05-01,4,120
Iredell,2020-05-02,4,124
Iredell,2020-05-03,1,125
Iredell,2020-05-04,10,135
Iredell,2020-05-05,3,138
Iredell,2020-05-06,2,140
Iredell,2020-05-07,4,144
Iredell,2020-05-08,7,151
Iredell,2020-05-09,4,155
Iredell,2020-05-10,1,156
Iredell,2020-05-11,5,161
Iredell,2020-05-12,3,164
Iredell,2020-05-13,2,166
Iredell,2020-05-14,9,175
Iredell,2020-05-15,12,187
Iredell,2020-05-16,4,191
Iredell,2020-05-17,4,195
Iredell,2020-05-18,2,197
Iredell,2020-05-19,7,204
Iredell,2020-05-20,4,208
Iredell,2020-05-21,6,214
Iredell,2020-05-22,7,221
Iredell,2020-05-23,6,227
Iredell,2020-05-24,3,230
Iredell,2020-05-25,2,232
Iredell,2020-05-26,4,236
Iredell,2020-05-27,4,240
Iredell,2020-05-28,5,245
Iredell,2020-05-29,11,256
Iredell,2020-05-30,4,260
Iredell,2020-05-31,5,265
Iredell,2020-06-01,9,274
Iredell,2020-06-02,9,283
Iredell,2020-06-03,7,290
Iredell,2020-06-04,13,303
Iredell,2020-06-05,20,323
Iredell,2020-06-06,13,336
Iredell,2020-06-07,18,354
Iredell,2020-06-08,10,364
Iredell,2020-06-09,12,376
Iredell,2020-06-10,16,392
Iredell,2020-06-11,18,410
Iredell,2020-06-12,14,424
Iredell,2020-06-13,20,444
Iredell,2020-06-14,6,450
Iredell,2020-06-15,13,463
Iredell,2020-06-16,13,476
Iredell,2020-06-17,10,486
Iredell,2020-06-18,38,524
Iredell,2020-06-19,8,532
Iredell,2020-06-20,12,544
Iredell,2020-06-21,26,570
Iredell,2020-06-22,18,588
Iredell,2020-06-23,21,609
Iredell,2020-06-24,16,625
Iredell,2020-06-25,49,674
Iredell,2020-06-26,30,704
Iredell,2020-06-27,19,723
Iredell,2020-06-28,17,740
Iredell,2020-06-29,16,756
Iredell,2020-06-30,20,776
Iredell,2020-07-01,30,806
Iredell,2020-07-02,53,859
Iredell,2020-07-03,18,877
Iredell,2020-07-04,22,899
Iredell,2020-07-05,26,925
Iredell,2020-07-06,21,946
Iredell,2020-07-07,16,962
Iredell,2020-07-08,26,988
Iredell,2020-07-09,44,1032
Iredell,2020-07-10,44,1076
Iredell,2020-07-11,45,1121
Iredell,2020-07-12,31,1152
Iredell,2020-07-13,27,1179
Iredell,2020-07-14,23,1202
Iredell,2020-07-15,45,1247
Iredell,2020-07-16,15,1262
Iredell,2020-07-17,49,1311
Iredell,2020-07-18,21,1332
Iredell,2020-07-19,21,1353
Iredell,2020-07-20,30,1383
Iredell,2020-07-21,17,1400
Iredell,2020-07-22,30,1430
Iredell,2020-07-23,28,1458
Iredell,2020-07-24,20,1478
Iredell,2020-07-25,24,1502
Iredell,2020-07-26,22,1524
Iredell,2020-07-27,22,1546
Iredell,2020-07-28,12,1558
Iredell,2020-07-29,62,1620
Iredell,2020-07-30,24,1644
Iredell,2020-07-31,14,1658
Iredell,2020-08-01,16,1674
Iredell,2020-08-02,11,1685
Iredell,2020-08-03,40,1725
Iredell,2020-08-04,11,1736
Iredell,2020-08-05,17,1753
Iredell,2020-08-06,16,1769
Iredell,2020-08-07,23,1792
Iredell,2020-08-08,29,1821
Iredell,2020-08-09,14,1835
Iredell,2020-08-10,32,1867
Iredell,2020-08-11,15,1882
Iredell,2020-08-12,27,1909
Iredell,2020-08-13,27,1936
Iredell,2020-08-14,35,1971
Iredell,2020-08-15,28,1999
Iredell,2020-08-16,5,2004
Iredell,2020-08-17,15,2019
Iredell,2020-08-18,19,2038
Iredell,2020-08-19,29,2067
Iredell,2020-08-20,33,2100
Iredell,2020-08-21,24,2124
Iredell,2020-08-22,22,2146
Iredell,2020-08-23,20,2166
Iredell,2020-08-24,22,2188
Iredell,2020-08-25,12,2200
Iredell,2020-08-26,42,2242
Iredell,2020-08-27,28,2270
Iredell,2020-08-28,24,2294
Iredell,2020-08-29,26,2320
Iredell,2020-08-30,16,2336
Iredell,2020-08-31,13,2349
Iredell,2020-09-01,19,2368
Iredell,2020-09-02,21,2389
Iredell,2020-09-03,16,2405
Iredell,2020-09-04,11,2416
Iredell,2020-09-05,14,2430
Iredell,2020-09-06,21,2451
Iredell,2020-09-07,10,2461
Iredell,2020-09-08,11,2472
Iredell,2020-09-09,8,2480
Iredell,2020-09-10,15,2495
Iredell,2020-09-11,13,2508
Iredell,2020-09-12,12,2520
Iredell,2020-09-13,4,2524
Iredell,2020-09-14,27,2551
Iredell,2020-09-15,10,2561
Iredell,2020-09-16,23,2584
Iredell,2020-09-17,21,2605
Iredell,2020-09-18,14,2619
Iredell,2020-09-19,19,2638
Iredell,2020-09-20,9,2647
Iredell,2020-09-21,18,2665
Iredell,2020-09-22,13,2678
Iredell,2020-09-23,16,2694
Iredell,2020-09-24,14,2708
Iredell,2020-09-25,21,2729
Iredell,2020-09-26,12,2741
Iredell,2020-09-27,5,2746
Iredell,2020-09-28,17,2763
Iredell,2020-09-29,7,2770
Iredell,2020-09-30,27,2797
Iredell,2020-10-01,19,2816
Iredell,2020-10-02,20,2836
Iredell,2020-10-03,18,2854
Iredell,2020-10-04,6,2860
Iredell,2020-10-05,11,2871
Iredell,2020-10-06,18,2889
Iredell,2020-10-07,28,2917
Iredell,2020-10-08,25,2942
Iredell,2020-10-09,13,2955
Iredell,2020-10-10,14,2969
Iredell,2020-10-11,17,2986
Iredell,2020-10-12,20,3006
Iredell,2020-10-13,16,3022
Iredell,2020-10-14,31,3053
Iredell,2020-10-15,27,3080
Iredell,2020-10-16,25,3105
Iredell,2020-10-17,27,3132
Iredell,2020-10-18,19,3151
Iredell,2020-10-19,24,3175
Iredell,2020-10-20,11,3186
Iredell,2020-10-21,36,3222
Iredell,2020-10-22,31,3253
Iredell,2020-10-23,31,3284
Iredell,2020-10-24,18,3302
Iredell,2020-10-25,20,3322
Iredell,2020-10-26,18,3340
Iredell,2020-10-27,34,3374
Iredell,2020-10-28,29,3403
Iredell,2020-10-29,19,3422
Iredell,2020-10-30,30,3452
Iredell,2020-10-31,18,3470
Iredell,2020-11-01,33,3503
Iredell,2020-11-02,29,3532
Iredell,2020-11-03,41,3573
Iredell,2020-11-04,32,3605
Iredell,2020-11-05,39,3644
Iredell,2020-11-06,44,3688
Iredell,2020-11-07,27,3715
Iredell,2020-11-08,30,3745
Iredell,2020-11-09,32,3777
Iredell,2020-11-10,36,3813
Iredell,2020-11-11,41,3854
Iredell,2020-11-12,68,3922
Iredell,2020-11-13,32,3954
Iredell,2020-11-14,22,3976
Iredell,2020-11-15,36,4012
Iredell,2020-11-16,57,4069
Iredell,2020-11-17,46,4115
Iredell,2020-11-18,67,4182
Iredell,2020-11-19,78,4260
Iredell,2020-11-20,62,4322
Iredell,2020-11-21,66,4388
Iredell,2020-11-22,44,4432
Iredell,2020-11-23,54,4486
Iredell,2020-11-24,49,4535
Iredell,2020-11-25,73,4608
Iredell,2020-11-26,52,4660
Iredell,2020-11-27,80,4740
Iredell,2020-11-28,52,4792
Iredell,2020-11-29,40,4832
Iredell,2020-11-30,64,4896
Iredell,2020-12-01,54,4950
Iredell,2020-12-02,114,5064
Iredell,2020-12-03,130,5194
Iredell,2020-12-04,125,5319
Iredell,2020-12-05,134,5453
Iredell,2020-12-06,103,5556
Iredell,2020-12-07,86,5642
Iredell,2020-12-08,118,5760
Iredell,2020-12-09,144,5904
Iredell,2020-12-10,106,6010
Iredell,2020-12-11,129,6139
Iredell,2020-12-12,92,6231
Iredell,2020-12-13,79,6310
Iredell,2020-12-14,96,6406
Iredell,2020-12-15,32,6438
Jackson,2020-04-12,1,1
Jackson,2020-04-13,1,2
Jackson,2020-04-16,1,3
Jackson,2020-04-24,1,4
Jackson,2020-04-25,1,5
Jackson,2020-04-26,2,7
Jackson,2020-04-27,6,13
Jackson,2020-04-29,3,16
Jackson,2020-04-30,2,18
Jackson,2020-05-01,1,19
Jackson,2020-05-02,1,20
Jackson,2020-05-07,1,21
Jackson,2020-05-09,1,22
Jackson,2020-05-15,2,24
Jackson,2020-05-18,1,25
Jackson,2020-05-21,1,26
Jackson,2020-05-26,1,27
Jackson,2020-05-28,4,31
Jackson,2020-05-29,2,33
Jackson,2020-05-31,2,35
Jackson,2020-06-02,2,37
Jackson,2020-06-04,1,38
Jackson,2020-06-05,2,40
Jackson,2020-06-06,6,46
Jackson,2020-06-07,2,48
Jackson,2020-06-08,6,54
Jackson,2020-06-10,1,55
Jackson,2020-06-11,3,58
Jackson,2020-06-14,1,59
Jackson,2020-06-15,2,61
Jackson,2020-06-16,1,62
Jackson,2020-06-17,4,66
Jackson,2020-06-19,2,68
Jackson,2020-06-20,5,73
Jackson,2020-06-21,1,74
Jackson,2020-06-22,5,79
Jackson,2020-06-23,1,80
Jackson,2020-06-24,7,87
Jackson,2020-06-25,5,92
Jackson,2020-06-26,3,95
Jackson,2020-06-27,9,104
Jackson,2020-06-28,8,112
Jackson,2020-06-29,4,116
Jackson,2020-06-30,11,127
Jackson,2020-07-01,6,133
Jackson,2020-07-02,1,134
Jackson,2020-07-03,2,136
Jackson,2020-07-04,11,147
Jackson,2020-07-05,4,151
Jackson,2020-07-06,22,173
Jackson,2020-07-07,6,179
Jackson,2020-07-08,4,183
Jackson,2020-07-09,3,186
Jackson,2020-07-10,11,197
Jackson,2020-07-11,8,205
Jackson,2020-07-12,8,213
Jackson,2020-07-13,12,225
Jackson,2020-07-14,4,229
Jackson,2020-07-15,18,247
Jackson,2020-07-16,9,256
Jackson,2020-07-17,19,275
Jackson,2020-07-18,4,279
Jackson,2020-07-19,10,289
Jackson,2020-07-20,13,302
Jackson,2020-07-21,8,310
Jackson,2020-07-22,9,319
Jackson,2020-07-23,12,331
Jackson,2020-07-24,24,355
Jackson,2020-07-25,4,359
Jackson,2020-07-26,8,367
Jackson,2020-07-27,11,378
Jackson,2020-07-28,4,382
Jackson,2020-07-29,7,389
Jackson,2020-07-30,7,396
Jackson,2020-07-31,3,399
Jackson,2020-08-02,2,401
Jackson,2020-08-03,19,420
Jackson,2020-08-04,6,426
Jackson,2020-08-05,4,430
Jackson,2020-08-06,8,438
Jackson,2020-08-07,6,444
Jackson,2020-08-08,2,446
Jackson,2020-08-10,6,452
Jackson,2020-08-11,5,457
Jackson,2020-08-12,1,458
Jackson,2020-08-15,1,459
Jackson,2020-08-17,1,460
Jackson,2020-08-18,3,463
Jackson,2020-08-19,1,464
Jackson,2020-08-20,6,470
Jackson,2020-08-21,3,473
Jackson,2020-08-23,2,475
Jackson,2020-08-24,3,478
Jackson,2020-08-25,1,479
Jackson,2020-08-26,4,483
Jackson,2020-08-27,6,489
Jackson,2020-08-28,2,491
Jackson,2020-08-29,1,492
Jackson,2020-08-30,2,494
Jackson,2020-08-31,1,495
Jackson,2020-09-01,2,497
Jackson,2020-09-02,7,504
Jackson,2020-09-03,3,507
Jackson,2020-09-04,2,509
Jackson,2020-09-05,4,513
Jackson,2020-09-08,2,515
Jackson,2020-09-09,2,517
Jackson,2020-09-10,1,518
Jackson,2020-09-11,3,521
Jackson,2020-09-12,1,522
Jackson,2020-09-13,1,523
Jackson,2020-09-14,0,523
Jackson,2020-09-15,1,524
Jackson,2020-09-16,1,525
Jackson,2020-09-18,4,529
Jackson,2020-09-19,1,530
Jackson,2020-09-20,1,531
Jackson,2020-09-21,4,535
Jackson,2020-09-22,2,537
Jackson,2020-09-23,0,537
Jackson,2020-09-24,9,546
Jackson,2020-09-25,8,554
Jackson,2020-09-26,2,556
Jackson,2020-09-27,1,557
Jackson,2020-09-28,2,559
Jackson,2020-09-29,0,559
Jackson,2020-09-30,8,567
Jackson,2020-10-01,2,569
Jackson,2020-10-02,4,573
Jackson,2020-10-03,10,583
Jackson,2020-10-04,15,598
Jackson,2020-10-05,4,602
Jackson,2020-10-06,0,602
Jackson,2020-10-07,9,611
Jackson,2020-10-08,3,614
Jackson,2020-10-09,9,623
Jackson,2020-10-10,6,629
Jackson,2020-10-11,4,633
Jackson,2020-10-12,6,639
Jackson,2020-10-13,5,644
Jackson,2020-10-14,3,647
Jackson,2020-10-15,13,660
Jackson,2020-10-16,19,679
Jackson,2020-10-17,9,688
Jackson,2020-10-18,10,698
Jackson,2020-10-19,6,704
Jackson,2020-10-20,9,713
Jackson,2020-10-21,8,721
Jackson,2020-10-22,21,742
Jackson,2020-10-23,7,749
Jackson,2020-10-24,8,757
Jackson,2020-10-25,7,764
Jackson,2020-10-26,6,770
Jackson,2020-10-27,7,777
Jackson,2020-10-28,10,787
Jackson,2020-10-29,16,803
Jackson,2020-10-30,7,810
Jackson,2020-10-31,4,814
Jackson,2020-11-01,5,819
Jackson,2020-11-02,14,833
Jackson,2020-11-03,3,836
Jackson,2020-11-04,13,849
Jackson,2020-11-05,6,855
Jackson,2020-11-06,6,861
Jackson,2020-11-07,9,870
Jackson,2020-11-08,8,878
Jackson,2020-11-09,11,889
Jackson,2020-11-10,3,892
Jackson,2020-11-11,11,903
Jackson,2020-11-12,9,912
Jackson,2020-11-13,4,916
Jackson,2020-11-14,8,924
Jackson,2020-11-15,4,928
Jackson,2020-11-16,3,931
Jackson,2020-11-17,1,932
Jackson,2020-11-18,6,938
Jackson,2020-11-19,5,943
Jackson,2020-11-20,7,950
Jackson,2020-11-21,2,952
Jackson,2020-11-22,2,954
Jackson,2020-11-23,4,958
Jackson,2020-11-24,15,973
Jackson,2020-11-25,5,978
Jackson,2020-11-26,4,982
Jackson,2020-11-27,7,989
Jackson,2020-11-28,10,999
Jackson,2020-11-29,3,1002
Jackson,2020-11-30,5,1007
Jackson,2020-12-01,11,1018
Jackson,2020-12-02,5,1023
Jackson,2020-12-03,18,1041
Jackson,2020-12-04,52,1093
Jackson,2020-12-05,29,1122
Jackson,2020-12-06,14,1136
Jackson,2020-12-07,15,1151
Jackson,2020-12-08,7,1158
Jackson,2020-12-09,13,1171
Jackson,2020-12-10,14,1185
Jackson,2020-12-11,26,1211
Jackson,2020-12-12,7,1218
Jackson,2020-12-13,31,1249
Jackson,2020-12-14,11,1260
Jackson,2020-12-15,5,1265
Johnston,2020-03-12,1,1
Johnston,2020-03-14,1,2
Johnston,2020-03-20,1,3
Johnston,2020-03-22,1,4
Johnston,2020-03-23,2,6
Johnston,2020-03-24,3,9
Johnston,2020-03-28,1,10
Johnston,2020-03-29,1,11
Johnston,2020-03-30,2,13
Johnston,2020-03-31,5,18
Johnston,2020-04-01,5,23
Johnston,2020-04-02,3,26
Johnston,2020-04-03,1,27
Johnston,2020-04-04,5,32
Johnston,2020-04-05,7,39
Johnston,2020-04-06,5,44
Johnston,2020-04-07,9,53
Johnston,2020-04-08,5,58
Johnston,2020-04-09,20,78
Johnston,2020-04-10,11,89
Johnston,2020-04-11,7,96
Johnston,2020-04-12,3,99
Johnston,2020-04-13,2,101
Johnston,2020-04-14,3,104
Johnston,2020-04-15,1,105
Johnston,2020-04-16,8,113
Johnston,2020-04-17,3,116
Johnston,2020-04-18,1,117
Johnston,2020-04-20,2,119
Johnston,2020-04-21,1,120
Johnston,2020-04-22,1,121
Johnston,2020-04-23,5,126
Johnston,2020-04-24,2,128
Johnston,2020-04-25,6,134
Johnston,2020-04-26,3,137
Johnston,2020-04-27,5,142
Johnston,2020-04-28,6,148
Johnston,2020-04-29,5,153
Johnston,2020-04-30,12,165
Johnston,2020-05-01,1,166
Johnston,2020-05-02,3,169
Johnston,2020-05-03,7,176
Johnston,2020-05-04,6,182
Johnston,2020-05-05,4,186
Johnston,2020-05-06,2,188
Johnston,2020-05-07,6,194
Johnston,2020-05-08,6,200
Johnston,2020-05-09,5,205
Johnston,2020-05-10,3,208
Johnston,2020-05-11,7,215
Johnston,2020-05-12,4,219
Johnston,2020-05-13,6,225
Johnston,2020-05-14,3,228
Johnston,2020-05-15,11,239
Johnston,2020-05-16,9,248
Johnston,2020-05-17,6,254
Johnston,2020-05-18,7,261
Johnston,2020-05-19,8,269
Johnston,2020-05-20,14,283
Johnston,2020-05-21,11,294
Johnston,2020-05-22,18,312
Johnston,2020-05-23,17,329
Johnston,2020-05-24,14,343
Johnston,2020-05-25,10,353
Johnston,2020-05-26,9,362
Johnston,2020-05-27,13,375
Johnston,2020-05-28,37,412
Johnston,2020-05-29,20,432
Johnston,2020-05-30,16,448
Johnston,2020-05-31,11,459
Johnston,2020-06-01,14,473
Johnston,2020-06-02,30,503
Johnston,2020-06-03,17,520
Johnston,2020-06-04,32,552
Johnston,2020-06-05,44,596
Johnston,2020-06-06,21,617
Johnston,2020-06-07,26,643
Johnston,2020-06-08,13,656
Johnston,2020-06-09,24,680
Johnston,2020-06-10,26,706
Johnston,2020-06-11,66,772
Johnston,2020-06-12,49,821
Johnston,2020-06-13,38,859
Johnston,2020-06-14,43,902
Johnston,2020-06-15,20,922
Johnston,2020-06-16,31,953
Johnston,2020-06-17,40,993
Johnston,2020-06-18,28,1021
Johnston,2020-06-19,67,1088
Johnston,2020-06-20,43,1131
Johnston,2020-06-21,47,1178
Johnston,2020-06-22,40,1218
Johnston,2020-06-23,23,1241
Johnston,2020-06-24,39,1280
Johnston,2020-06-25,47,1327
Johnston,2020-06-26,61,1388
Johnston,2020-06-27,43,1431
Johnston,2020-06-28,46,1477
Johnston,2020-06-29,41,1518
Johnston,2020-06-30,52,1570
Johnston,2020-07-01,46,1616
Johnston,2020-07-02,68,1684
Johnston,2020-07-03,38,1722
Johnston,2020-07-04,37,1759
Johnston,2020-07-05,28,1787
Johnston,2020-07-06,35,1822
Johnston,2020-07-07,37,1859
Johnston,2020-07-08,52,1911
Johnston,2020-07-09,37,1948
Johnston,2020-07-10,55,2003
Johnston,2020-07-11,57,2060
Johnston,2020-07-12,57,2117
Johnston,2020-07-13,42,2159
Johnston,2020-07-14,74,2233
Johnston,2020-07-15,36,2269
Johnston,2020-07-16,44,2313
Johnston,2020-07-17,42,2355
Johnston,2020-07-18,40,2395
Johnston,2020-07-19,17,2412
Johnston,2020-07-20,34,2446
Johnston,2020-07-21,60,2506
Johnston,2020-07-22,45,2551
Johnston,2020-07-23,33,2584
Johnston,2020-07-24,41,2625
Johnston,2020-07-25,26,2651
Johnston,2020-07-26,39,2690
Johnston,2020-07-27,133,2823
Johnston,2020-07-28,53,2876
Johnston,2020-07-29,53,2929
Johnston,2020-07-30,48,2977
Johnston,2020-07-31,52,3029
Johnston,2020-08-01,42,3071
Johnston,2020-08-02,37,3108
Johnston,2020-08-03,24,3132
Johnston,2020-08-04,20,3152
Johnston,2020-08-05,40,3192
Johnston,2020-08-06,29,3221
Johnston,2020-08-07,63,3284
Johnston,2020-08-08,26,3310
Johnston,2020-08-09,22,3332
Johnston,2020-08-10,14,3346
Johnston,2020-08-11,30,3376
Johnston,2020-08-12,22,3398
Johnston,2020-08-13,28,3426
Johnston,2020-08-14,18,3444
Johnston,2020-08-15,15,3459
Johnston,2020-08-16,10,3469
Johnston,2020-08-17,13,3482
Johnston,2020-08-18,23,3505
Johnston,2020-08-19,35,3540
Johnston,2020-08-20,26,3566
Johnston,2020-08-21,24,3590
Johnston,2020-08-22,35,3625
Johnston,2020-08-23,22,3647
Johnston,2020-08-24,29,3676
Johnston,2020-08-25,25,3701
Johnston,2020-08-26,46,3747
Johnston,2020-08-27,31,3778
Johnston,2020-08-28,24,3802
Johnston,2020-08-29,21,3823
Johnston,2020-08-30,14,3837
Johnston,2020-08-31,44,3881
Johnston,2020-09-01,25,3906
Johnston,2020-09-02,22,3928
Johnston,2020-09-03,39,3967
Johnston,2020-09-04,17,3984
Johnston,2020-09-05,32,4016
Johnston,2020-09-06,8,4024
Johnston,2020-09-07,14,4038
Johnston,2020-09-08,8,4046
Johnston,2020-09-09,19,4065
Johnston,2020-09-10,24,4089
Johnston,2020-09-11,18,4107
Johnston,2020-09-12,12,4119
Johnston,2020-09-13,14,4133
Johnston,2020-09-14,17,4150
Johnston,2020-09-15,18,4168
Johnston,2020-09-16,30,4198
Johnston,2020-09-17,8,4206
Johnston,2020-09-18,15,4221
Johnston,2020-09-19,15,4236
Johnston,2020-09-20,23,4259
Johnston,2020-09-21,11,4270
Johnston,2020-09-22,12,4282
Johnston,2020-09-23,17,4299
Johnston,2020-09-24,24,4323
Johnston,2020-09-25,21,4344
Johnston,2020-09-26,21,4365
Johnston,2020-09-27,14,4379
Johnston,2020-09-28,14,4393
Johnston,2020-09-29,25,4418
Johnston,2020-09-30,28,4446
Johnston,2020-10-01,45,4491
Johnston,2020-10-02,26,4517
Johnston,2020-10-03,16,4533
Johnston,2020-10-04,20,4553
Johnston,2020-10-05,18,4571
Johnston,2020-10-06,16,4587
Johnston,2020-10-07,27,4614
Johnston,2020-10-08,43,4657
Johnston,2020-10-09,23,4680
Johnston,2020-10-10,14,4694
Johnston,2020-10-11,27,4721
Johnston,2020-10-12,24,4745
Johnston,2020-10-13,40,4785
Johnston,2020-10-14,29,4814
Johnston,2020-10-15,43,4857
Johnston,2020-10-16,30,4887
Johnston,2020-10-17,34,4921
Johnston,2020-10-18,31,4952
Johnston,2020-10-19,17,4969
Johnston,2020-10-20,28,4997
Johnston,2020-10-21,41,5038
Johnston,2020-10-22,76,5114
Johnston,2020-10-23,61,5175
Johnston,2020-10-24,39,5214
Johnston,2020-10-25,23,5237
Johnston,2020-10-26,32,5269
Johnston,2020-10-27,39,5308
Johnston,2020-10-28,55,5363
Johnston,2020-10-29,41,5404
Johnston,2020-10-30,39,5443
Johnston,2020-10-31,27,5470
Johnston,2020-11-01,45,5515
Johnston,2020-11-02,35,5550
Johnston,2020-11-03,20,5570
Johnston,2020-11-04,65,5635
Johnston,2020-11-05,66,5701
Johnston,2020-11-06,29,5730
Johnston,2020-11-07,43,5773
Johnston,2020-11-08,36,5809
Johnston,2020-11-09,33,5842
Johnston,2020-11-10,63,5905
Johnston,2020-11-11,67,5972
Johnston,2020-11-12,53,6025
Johnston,2020-11-13,87,6112
Johnston,2020-11-14,43,6155
Johnston,2020-11-15,47,6202
Johnston,2020-11-16,71,6273
Johnston,2020-11-17,55,6328
Johnston,2020-11-18,81,6409
Johnston,2020-11-19,90,6499
Johnston,2020-11-20,57,6556
Johnston,2020-11-21,46,6602
Johnston,2020-11-22,49,6651
Johnston,2020-11-23,76,6727
Johnston,2020-11-24,67,6794
Johnston,2020-11-25,71,6865
Johnston,2020-11-26,72,6937
Johnston,2020-11-27,47,6984
Johnston,2020-11-28,53,7037
Johnston,2020-11-29,41,7078
Johnston,2020-11-30,72,7150
Johnston,2020-12-01,74,7224
Johnston,2020-12-02,137,7361
Johnston,2020-12-03,99,7460
Johnston,2020-12-04,146,7606
Johnston,2020-12-05,91,7697
Johnston,2020-12-06,71,7768
Johnston,2020-12-07,82,7850
Johnston,2020-12-08,133,7983
Johnston,2020-12-09,143,8126
Johnston,2020-12-10,91,8217
Johnston,2020-12-11,141,8358
Johnston,2020-12-12,104,8462
Johnston,2020-12-13,54,8516
Johnston,2020-12-14,71,8587
Johnston,2020-12-15,64,8651
Jones,2020-04-07,2,2
Jones,2020-04-08,1,3
Jones,2020-04-09,2,5
Jones,2020-04-10,1,6
Jones,2020-04-11,1,7
Jones,2020-04-13,1,8
Jones,2020-04-14,1,9
Jones,2020-04-24,2,11
Jones,2020-04-26,1,12
Jones,2020-04-29,1,13
Jones,2020-04-30,2,15
Jones,2020-05-02,2,17
Jones,2020-05-03,1,18
Jones,2020-05-08,1,19
Jones,2020-05-12,1,20
Jones,2020-05-13,1,21
Jones,2020-05-17,1,22
Jones,2020-05-21,3,25
Jones,2020-06-13,1,26
Jones,2020-06-19,1,27
Jones,2020-06-22,2,29
Jones,2020-06-24,1,30
Jones,2020-06-25,1,31
Jones,2020-06-26,2,33
Jones,2020-06-27,2,35
Jones,2020-07-01,1,36
Jones,2020-07-07,1,37
Jones,2020-07-08,1,38
Jones,2020-07-10,1,39
Jones,2020-07-11,1,40
Jones,2020-07-14,1,41
Jones,2020-07-15,1,42
Jones,2020-07-18,1,43
Jones,2020-07-20,1,44
Jones,2020-07-22,0,44
Jones,2020-07-25,3,47
Jones,2020-07-26,1,48
Jones,2020-07-27,5,53
Jones,2020-07-29,1,54
Jones,2020-07-30,4,58
Jones,2020-07-31,3,61
Jones,2020-08-01,5,66
Jones,2020-08-02,10,76
Jones,2020-08-03,3,79
Jones,2020-08-04,0,79
Jones,2020-08-06,5,84
Jones,2020-08-07,1,85
Jones,2020-08-08,6,91
Jones,2020-08-09,4,95
Jones,2020-08-10,2,97
Jones,2020-08-11,3,100
Jones,2020-08-12,1,101
Jones,2020-08-13,2,103
Jones,2020-08-14,9,112
Jones,2020-08-15,3,115
Jones,2020-08-17,4,119
Jones,2020-08-19,1,120
Jones,2020-08-20,4,124
Jones,2020-08-22,1,125
Jones,2020-08-24,0,125
Jones,2020-08-25,2,127
Jones,2020-08-26,0,127
Jones,2020-08-27,1,128
Jones,2020-08-28,2,130
Jones,2020-09-02,3,133
Jones,2020-09-03,1,134
Jones,2020-09-05,1,135
Jones,2020-09-09,2,137
Jones,2020-09-10,2,139
Jones,2020-09-14,1,140
Jones,2020-09-15,2,142
Jones,2020-09-16,1,143
Jones,2020-09-20,3,146
Jones,2020-09-22,1,147
Jones,2020-09-24,1,148
Jones,2020-09-26,1,149
Jones,2020-09-30,1,150
Jones,2020-10-01,1,151
Jones,2020-10-02,1,152
Jones,2020-10-06,1,153
Jones,2020-10-07,2,155
Jones,2020-10-08,3,158
Jones,2020-10-09,2,160
Jones,2020-10-10,0,160
Jones,2020-10-12,1,161
Jones,2020-10-13,1,162
Jones,2020-10-14,0,162
Jones,2020-10-15,1,163
Jones,2020-10-17,1,164
Jones,2020-10-18,1,165
Jones,2020-10-19,1,166
Jones,2020-10-20,9,175
Jones,2020-10-21,1,176
Jones,2020-10-22,5,181
Jones,2020-10-23,2,183
Jones,2020-10-24,1,184
Jones,2020-10-26,1,185
Jones,2020-10-27,2,187
Jones,2020-10-30,1,188
Jones,2020-10-31,1,189
Jones,2020-11-02,0,189
Jones,2020-11-03,1,190
Jones,2020-11-04,3,193
Jones,2020-11-05,2,195
Jones,2020-11-06,1,196
Jones,2020-11-07,2,198
Jones,2020-11-08,1,199
Jones,2020-11-09,2,201
Jones,2020-11-10,1,202
Jones,2020-11-12,3,205
Jones,2020-11-13,0,205
Jones,2020-11-14,1,206
Jones,2020-11-15,1,207
Jones,2020-11-16,3,210
Jones,2020-11-17,3,213
Jones,2020-11-18,0,213
Jones,2020-11-19,4,217
Jones,2020-11-20,3,220
Jones,2020-11-21,4,224
Jones,2020-11-22,6,230
Jones,2020-11-23,6,236
Jones,2020-11-24,2,238
Jones,2020-11-25,5,243
Jones,2020-11-26,3,246
Jones,2020-11-30,3,249
Jones,2020-12-01,6,255
Jones,2020-12-02,3,258
Jones,2020-12-03,3,261
Jones,2020-12-04,1,262
Jones,2020-12-05,1,263
Jones,2020-12-07,6,269
Jones,2020-12-09,1,270
Jones,2020-12-10,1,271
Jones,2020-12-11,7,278
Jones,2020-12-12,2,280
Jones,2020-12-14,3,283
Jones,2020-12-15,2,285
Lee,2020-03-19,1,1
Lee,2020-03-26,1,2
Lee,2020-03-31,1,3
Lee,2020-04-08,1,4
Lee,2020-04-09,2,6
Lee,2020-04-11,7,13
Lee,2020-04-13,1,14
Lee,2020-04-14,2,16
Lee,2020-04-15,2,18
Lee,2020-04-16,3,21
Lee,2020-04-17,10,31
Lee,2020-04-18,5,36
Lee,2020-04-19,4,40
Lee,2020-04-20,6,46
Lee,2020-04-21,10,56
Lee,2020-04-22,17,73
Lee,2020-04-23,16,89
Lee,2020-04-24,13,102
Lee,2020-04-25,6,108
Lee,2020-04-26,9,117
Lee,2020-04-27,15,132
Lee,2020-04-28,14,146
Lee,2020-04-29,14,160
Lee,2020-04-30,8,168
Lee,2020-05-01,24,192
Lee,2020-05-02,6,198
Lee,2020-05-03,4,202
Lee,2020-05-04,5,207
Lee,2020-05-05,1,208
Lee,2020-05-06,23,231
Lee,2020-05-07,8,239
Lee,2020-05-08,8,247
Lee,2020-05-09,22,269
Lee,2020-05-10,8,277
Lee,2020-05-11,3,280
Lee,2020-05-12,6,286
Lee,2020-05-13,7,293
Lee,2020-05-14,8,301
Lee,2020-05-15,9,310
Lee,2020-05-16,7,317
Lee,2020-05-17,4,321
Lee,2020-05-18,5,326
Lee,2020-05-19,11,337
Lee,2020-05-20,8,345
Lee,2020-05-21,5,350
Lee,2020-05-22,10,360
Lee,2020-05-23,3,363
Lee,2020-05-24,5,368
Lee,2020-05-25,3,371
Lee,2020-05-26,10,381
Lee,2020-05-27,15,396
Lee,2020-05-28,19,415
Lee,2020-05-29,15,430
Lee,2020-05-30,28,458
Lee,2020-05-31,5,463
Lee,2020-06-01,5,468
Lee,2020-06-02,11,479
Lee,2020-06-03,11,490
Lee,2020-06-04,15,505
Lee,2020-06-05,9,514
Lee,2020-06-06,7,521
Lee,2020-06-07,12,533
Lee,2020-06-08,5,538
Lee,2020-06-09,12,550
Lee,2020-06-10,9,559
Lee,2020-06-11,8,567
Lee,2020-06-12,12,579
Lee,2020-06-13,5,584
Lee,2020-06-14,9,593
Lee,2020-06-15,6,599
Lee,2020-06-16,7,606
Lee,2020-06-17,16,622
Lee,2020-06-18,10,632
Lee,2020-06-19,62,694
Lee,2020-06-20,12,706
Lee,2020-06-21,1,707
Lee,2020-06-22,4,711
Lee,2020-06-23,11,722
Lee,2020-06-24,11,733
Lee,2020-06-25,20,753
Lee,2020-06-26,27,780
Lee,2020-06-27,23,803
Lee,2020-06-28,5,808
Lee,2020-06-29,10,818
Lee,2020-06-30,16,834
Lee,2020-07-01,6,840
Lee,2020-07-02,11,851
Lee,2020-07-03,5,856
Lee,2020-07-04,10,866
Lee,2020-07-05,2,868
Lee,2020-07-06,13,881
Lee,2020-07-07,8,889
Lee,2020-07-08,12,901
Lee,2020-07-09,8,909
Lee,2020-07-10,12,921
Lee,2020-07-11,20,941
Lee,2020-07-12,3,944
Lee,2020-07-13,2,946
Lee,2020-07-14,5,951
Lee,2020-07-15,8,959
Lee,2020-07-16,9,968
Lee,2020-07-17,15,983
Lee,2020-07-18,7,990
Lee,2020-07-19,10,1000
Lee,2020-07-20,4,1004
Lee,2020-07-21,9,1013
Lee,2020-07-22,28,1041
Lee,2020-07-23,8,1049
Lee,2020-07-24,7,1056
Lee,2020-07-25,14,1070
Lee,2020-07-26,6,1076
Lee,2020-07-27,23,1099
Lee,2020-07-28,17,1116
Lee,2020-07-29,13,1129
Lee,2020-07-30,35,1164
Lee,2020-07-31,34,1198
Lee,2020-08-01,8,1206
Lee,2020-08-02,13,1219
Lee,2020-08-03,9,1228
Lee,2020-08-04,15,1243
Lee,2020-08-05,13,1256
Lee,2020-08-06,8,1264
Lee,2020-08-07,13,1277
Lee,2020-08-08,8,1285
Lee,2020-08-09,8,1293
Lee,2020-08-10,6,1299
Lee,2020-08-11,2,1301
Lee,2020-08-12,9,1310
Lee,2020-08-13,8,1318
Lee,2020-08-14,10,1328
Lee,2020-08-15,4,1332
Lee,2020-08-16,5,1337
Lee,2020-08-17,2,1339
Lee,2020-08-18,12,1351
Lee,2020-08-19,11,1362
Lee,2020-08-20,8,1370
Lee,2020-08-21,8,1378
Lee,2020-08-22,4,1382
Lee,2020-08-23,6,1388
Lee,2020-08-24,3,1391
Lee,2020-08-25,7,1398
Lee,2020-08-26,17,1415
Lee,2020-08-27,6,1421
Lee,2020-08-28,3,1424
Lee,2020-08-29,9,1433
Lee,2020-08-30,2,1435
Lee,2020-08-31,12,1447
Lee,2020-09-01,10,1457
Lee,2020-09-02,7,1464
Lee,2020-09-03,7,1471
Lee,2020-09-04,8,1479
Lee,2020-09-05,6,1485
Lee,2020-09-06,3,1488
Lee,2020-09-07,3,1491
Lee,2020-09-08,2,1493
Lee,2020-09-09,6,1499
Lee,2020-09-10,10,1509
Lee,2020-09-11,4,1513
Lee,2020-09-12,13,1526
Lee,2020-09-13,8,1534
Lee,2020-09-14,4,1538
Lee,2020-09-15,3,1541
Lee,2020-09-16,10,1551
Lee,2020-09-17,10,1561
Lee,2020-09-18,7,1568
Lee,2020-09-19,4,1572
Lee,2020-09-20,2,1574
Lee,2020-09-21,10,1584
Lee,2020-09-22,4,1588
Lee,2020-09-23,12,1600
Lee,2020-09-24,12,1612
Lee,2020-09-25,5,1617
Lee,2020-09-26,7,1624
Lee,2020-09-27,7,1631
Lee,2020-09-28,20,1651
Lee,2020-09-29,5,1656
Lee,2020-09-30,14,1670
Lee,2020-10-01,12,1682
Lee,2020-10-02,12,1694
Lee,2020-10-03,7,1701
Lee,2020-10-04,9,1710
Lee,2020-10-05,21,1731
Lee,2020-10-06,15,1746
Lee,2020-10-07,15,1761
Lee,2020-10-08,13,1774
Lee,2020-10-09,5,1779
Lee,2020-10-10,12,1791
Lee,2020-10-11,9,1800
Lee,2020-10-12,17,1817
Lee,2020-10-13,16,1833
Lee,2020-10-14,11,1844
Lee,2020-10-15,23,1867
Lee,2020-10-16,12,1879
Lee,2020-10-17,13,1892
Lee,2020-10-18,15,1907
Lee,2020-10-19,5,1912
Lee,2020-10-20,13,1925
Lee,2020-10-21,18,1943
Lee,2020-10-22,16,1959
Lee,2020-10-23,19,1978
Lee,2020-10-24,14,1992
Lee,2020-10-25,5,1997
Lee,2020-10-26,9,2006
Lee,2020-10-27,19,2025
Lee,2020-10-28,18,2043
Lee,2020-10-29,8,2051
Lee,2020-10-30,19,2070
Lee,2020-10-31,13,2083
Lee,2020-11-01,5,2088
Lee,2020-11-02,9,2097
Lee,2020-11-03,9,2106
Lee,2020-11-04,15,2121
Lee,2020-11-05,6,2127
Lee,2020-11-06,5,2132
Lee,2020-11-07,4,2136
Lee,2020-11-09,1,2137
Lee,2020-11-10,11,2148
Lee,2020-11-11,12,2160
Lee,2020-11-12,9,2169
Lee,2020-11-13,8,2177
Lee,2020-11-14,13,2190
Lee,2020-11-15,10,2200
Lee,2020-11-16,8,2208
Lee,2020-11-17,8,2216
Lee,2020-11-18,22,2238
Lee,2020-11-19,14,2252
Lee,2020-11-20,12,2264
Lee,2020-11-21,8,2272
Lee,2020-11-22,5,2277
Lee,2020-11-23,8,2285
Lee,2020-11-24,21,2306
Lee,2020-11-25,14,2320
Lee,2020-11-26,10,2330
Lee,2020-11-27,17,2347
Lee,2020-11-28,13,2360
Lee,2020-11-29,5,2365
Lee,2020-11-30,12,2377
Lee,2020-12-01,16,2393
Lee,2020-12-02,9,2402
Lee,2020-12-03,24,2426
Lee,2020-12-04,23,2449
Lee,2020-12-05,34,2483
Lee,2020-12-06,22,2505
Lee,2020-12-07,13,2518
Lee,2020-12-08,32,2550
Lee,2020-12-09,31,2581
Lee,2020-12-10,20,2601
Lee,2020-12-11,21,2622
Lee,2020-12-12,32,2654
Lee,2020-12-13,24,2678
Lee,2020-12-14,20,2698
Lee,2020-12-15,17,2715
Lenoir,2020-03-24,1,1
Lenoir,2020-03-25,2,3
Lenoir,2020-04-02,2,5
Lenoir,2020-04-03,2,7
Lenoir,2020-04-04,1,8
Lenoir,2020-04-05,2,10
Lenoir,2020-04-07,2,12
Lenoir,2020-04-09,1,13
Lenoir,2020-04-11,1,14
Lenoir,2020-04-15,3,17
Lenoir,2020-04-16,1,18
Lenoir,2020-04-17,1,19
Lenoir,2020-04-18,4,23
Lenoir,2020-04-19,1,24
Lenoir,2020-04-20,5,29
Lenoir,2020-04-21,2,31
Lenoir,2020-04-22,7,38
Lenoir,2020-04-24,6,44
Lenoir,2020-04-25,1,45
Lenoir,2020-04-26,2,47
Lenoir,2020-04-27,10,57
Lenoir,2020-04-28,4,61
Lenoir,2020-04-29,6,67
Lenoir,2020-04-30,4,71
Lenoir,2020-05-01,7,78
Lenoir,2020-05-02,6,84
Lenoir,2020-05-03,4,88
Lenoir,2020-05-04,5,93
Lenoir,2020-05-05,1,94
Lenoir,2020-05-06,6,100
Lenoir,2020-05-07,8,108
Lenoir,2020-05-08,2,110
Lenoir,2020-05-09,10,120
Lenoir,2020-05-10,3,123
Lenoir,2020-05-11,2,125
Lenoir,2020-05-12,6,131
Lenoir,2020-05-13,5,136
Lenoir,2020-05-14,10,146
Lenoir,2020-05-15,3,149
Lenoir,2020-05-16,4,153
Lenoir,2020-05-17,4,157
Lenoir,2020-05-18,3,160
Lenoir,2020-05-19,7,167
Lenoir,2020-05-20,6,173
Lenoir,2020-05-21,4,177
Lenoir,2020-05-22,6,183
Lenoir,2020-05-23,7,190
Lenoir,2020-05-24,5,195
Lenoir,2020-05-25,2,197
Lenoir,2020-05-26,1,198
Lenoir,2020-05-27,2,200
Lenoir,2020-05-28,8,208
Lenoir,2020-05-29,6,214
Lenoir,2020-05-30,3,217
Lenoir,2020-05-31,1,218
Lenoir,2020-06-02,4,222
Lenoir,2020-06-03,1,223
Lenoir,2020-06-04,8,231
Lenoir,2020-06-05,5,236
Lenoir,2020-06-06,5,241
Lenoir,2020-06-07,15,256
Lenoir,2020-06-08,4,260
Lenoir,2020-06-09,4,264
Lenoir,2020-06-10,6,270
Lenoir,2020-06-11,11,281
Lenoir,2020-06-12,10,291
Lenoir,2020-06-13,3,294
Lenoir,2020-06-14,9,303
Lenoir,2020-06-15,3,306
Lenoir,2020-06-16,5,311
Lenoir,2020-06-17,9,320
Lenoir,2020-06-18,6,326
Lenoir,2020-06-19,6,332
Lenoir,2020-06-20,6,338
Lenoir,2020-06-21,1,339
Lenoir,2020-06-22,5,344
Lenoir,2020-06-23,3,347
Lenoir,2020-06-24,4,351
Lenoir,2020-06-25,5,356
Lenoir,2020-06-26,5,361
Lenoir,2020-06-27,4,365
Lenoir,2020-06-28,5,370
Lenoir,2020-06-29,2,372
Lenoir,2020-06-30,3,375
Lenoir,2020-07-01,3,378
Lenoir,2020-07-02,3,381
Lenoir,2020-07-03,1,382
Lenoir,2020-07-04,1,383
Lenoir,2020-07-05,4,387
Lenoir,2020-07-06,8,395
Lenoir,2020-07-07,8,403
Lenoir,2020-07-08,4,407
Lenoir,2020-07-09,10,417
Lenoir,2020-07-10,5,422
Lenoir,2020-07-11,7,429
Lenoir,2020-07-12,2,431
Lenoir,2020-07-13,4,435
Lenoir,2020-07-14,5,440
Lenoir,2020-07-15,3,443
Lenoir,2020-07-16,2,445
Lenoir,2020-07-17,7,452
Lenoir,2020-07-18,1,453
Lenoir,2020-07-19,2,455
Lenoir,2020-07-20,6,461
Lenoir,2020-07-21,2,463
Lenoir,2020-07-22,7,470
Lenoir,2020-07-23,5,475
Lenoir,2020-07-24,8,483
Lenoir,2020-07-25,6,489
Lenoir,2020-07-26,6,495
Lenoir,2020-07-27,10,505
Lenoir,2020-07-28,6,511
Lenoir,2020-07-29,5,516
Lenoir,2020-07-30,12,528
Lenoir,2020-07-31,8,536
Lenoir,2020-08-01,1,537
Lenoir,2020-08-02,1,538
Lenoir,2020-08-03,3,541
Lenoir,2020-08-04,6,547
Lenoir,2020-08-05,8,555
Lenoir,2020-08-06,4,559
Lenoir,2020-08-07,13,572
Lenoir,2020-08-08,8,580
Lenoir,2020-08-09,4,584
Lenoir,2020-08-10,7,591
Lenoir,2020-08-11,3,594
Lenoir,2020-08-12,11,605
Lenoir,2020-08-13,11,616
Lenoir,2020-08-14,27,643
Lenoir,2020-08-15,9,652
Lenoir,2020-08-16,11,663
Lenoir,2020-08-17,7,670
Lenoir,2020-08-18,13,683
Lenoir,2020-08-19,12,695
Lenoir,2020-08-20,6,701
Lenoir,2020-08-21,17,718
Lenoir,2020-08-22,11,729
Lenoir,2020-08-23,8,737
Lenoir,2020-08-24,3,740
Lenoir,2020-08-25,12,752
Lenoir,2020-08-26,6,758
Lenoir,2020-08-27,12,770
Lenoir,2020-08-28,18,788
Lenoir,2020-08-29,2,790
Lenoir,2020-08-30,9,799
Lenoir,2020-08-31,5,804
Lenoir,2020-09-01,7,811
Lenoir,2020-09-02,16,827
Lenoir,2020-09-03,6,833
Lenoir,2020-09-04,13,846
Lenoir,2020-09-05,10,856
Lenoir,2020-09-07,2,858
Lenoir,2020-09-08,8,866
Lenoir,2020-09-09,14,880
Lenoir,2020-09-10,14,894
Lenoir,2020-09-11,2,896
Lenoir,2020-09-12,6,902
Lenoir,2020-09-13,3,905
Lenoir,2020-09-14,7,912
Lenoir,2020-09-15,4,916
Lenoir,2020-09-16,11,927
Lenoir,2020-09-17,6,933
Lenoir,2020-09-18,5,938
Lenoir,2020-09-19,1,939
Lenoir,2020-09-20,5,944
Lenoir,2020-09-21,6,950
Lenoir,2020-09-22,1,951
Lenoir,2020-09-23,5,956
Lenoir,2020-09-24,8,964
Lenoir,2020-09-25,4,968
Lenoir,2020-09-26,4,972
Lenoir,2020-09-27,3,975
Lenoir,2020-09-28,3,978
Lenoir,2020-09-29,6,984
Lenoir,2020-09-30,7,991
Lenoir,2020-10-01,9,1000
Lenoir,2020-10-02,6,1006
Lenoir,2020-10-03,6,1012
Lenoir,2020-10-04,4,1016
Lenoir,2020-10-05,3,1019
Lenoir,2020-10-06,10,1029
Lenoir,2020-10-07,14,1043
Lenoir,2020-10-08,14,1057
Lenoir,2020-10-09,19,1076
Lenoir,2020-10-10,2,1078
Lenoir,2020-10-11,6,1084
Lenoir,2020-10-12,14,1098
Lenoir,2020-10-13,21,1119
Lenoir,2020-10-14,31,1150
Lenoir,2020-10-15,13,1163
Lenoir,2020-10-16,25,1188
Lenoir,2020-10-17,7,1195
Lenoir,2020-10-18,10,1205
Lenoir,2020-10-19,11,1216
Lenoir,2020-10-20,3,1219
Lenoir,2020-10-21,18,1237
Lenoir,2020-10-22,26,1263
Lenoir,2020-10-23,17,1280
Lenoir,2020-10-24,11,1291
Lenoir,2020-10-25,18,1309
Lenoir,2020-10-26,15,1324
Lenoir,2020-10-27,13,1337
Lenoir,2020-10-28,23,1360
Lenoir,2020-10-29,28,1388
Lenoir,2020-10-30,12,1400
Lenoir,2020-10-31,16,1416
Lenoir,2020-11-01,8,1424
Lenoir,2020-11-02,6,1430
Lenoir,2020-11-03,12,1442
Lenoir,2020-11-04,27,1469
Lenoir,2020-11-05,25,1494
Lenoir,2020-11-06,11,1505
Lenoir,2020-11-07,10,1515
Lenoir,2020-11-08,7,1522
Lenoir,2020-11-09,16,1538
Lenoir,2020-11-10,25,1563
Lenoir,2020-11-11,28,1591
Lenoir,2020-11-12,29,1620
Lenoir,2020-11-13,11,1631
Lenoir,2020-11-14,23,1654
Lenoir,2020-11-15,16,1670
Lenoir,2020-11-16,24,1694
Lenoir,2020-11-17,24,1718
Lenoir,2020-11-18,33,1751
Lenoir,2020-11-19,27,1778
Lenoir,2020-11-20,21,1799
Lenoir,2020-11-21,18,1817
Lenoir,2020-11-22,12,1829
Lenoir,2020-11-23,17,1846
Lenoir,2020-11-24,28,1874
Lenoir,2020-11-25,38,1912
Lenoir,2020-11-26,29,1941
Lenoir,2020-11-27,24,1965
Lenoir,2020-11-28,13,1978
Lenoir,2020-11-29,12,1990
Lenoir,2020-11-30,18,2008
Lenoir,2020-12-01,32,2040
Lenoir,2020-12-02,47,2087
Lenoir,2020-12-03,49,2136
Lenoir,2020-12-04,41,2177
Lenoir,2020-12-05,27,2204
Lenoir,2020-12-06,21,2225
Lenoir,2020-12-07,40,2265
Lenoir,2020-12-08,44,2309
Lenoir,2020-12-09,43,2352
Lenoir,2020-12-10,23,2375
Lenoir,2020-12-11,25,2400
Lenoir,2020-12-12,18,2418
Lenoir,2020-12-13,14,2432
Lenoir,2020-12-14,14,2446
Lenoir,2020-12-15,28,2474
Lincoln,2020-03-17,1,1
Lincoln,2020-03-28,1,2
Lincoln,2020-03-29,1,3
Lincoln,2020-03-31,1,4
Lincoln,2020-04-01,3,7
Lincoln,2020-04-02,2,9
Lincoln,2020-04-07,2,11
Lincoln,2020-04-09,1,12
Lincoln,2020-04-10,2,14
Lincoln,2020-04-11,1,15
Lincoln,2020-04-15,1,16
Lincoln,2020-04-16,2,18
Lincoln,2020-04-17,1,19
Lincoln,2020-04-20,1,20
Lincoln,2020-04-21,3,23
Lincoln,2020-04-22,2,25
Lincoln,2020-04-27,1,26
Lincoln,2020-04-29,1,27
Lincoln,2020-05-01,1,28
Lincoln,2020-05-02,1,29
Lincoln,2020-05-03,4,33
Lincoln,2020-05-04,2,35
Lincoln,2020-05-05,1,36
Lincoln,2020-05-06,2,38
Lincoln,2020-05-07,2,40
Lincoln,2020-05-11,2,42
Lincoln,2020-05-12,1,43
Lincoln,2020-05-13,2,45
Lincoln,2020-05-15,3,48
Lincoln,2020-05-18,1,49
Lincoln,2020-05-19,4,53
Lincoln,2020-05-20,2,55
Lincoln,2020-05-21,1,56
Lincoln,2020-05-22,1,57
Lincoln,2020-05-23,2,59
Lincoln,2020-05-25,1,60
Lincoln,2020-05-26,2,62
Lincoln,2020-05-27,2,64
Lincoln,2020-05-28,4,68
Lincoln,2020-05-29,1,69
Lincoln,2020-05-30,3,72
Lincoln,2020-05-31,1,73
Lincoln,2020-06-01,1,74
Lincoln,2020-06-02,5,79
Lincoln,2020-06-03,9,88
Lincoln,2020-06-04,4,92
Lincoln,2020-06-05,7,99
Lincoln,2020-06-06,3,102
Lincoln,2020-06-07,3,105
Lincoln,2020-06-08,2,107
Lincoln,2020-06-09,2,109
Lincoln,2020-06-10,5,114
Lincoln,2020-06-11,7,121
Lincoln,2020-06-12,6,127
Lincoln,2020-06-13,16,143
Lincoln,2020-06-14,6,149
Lincoln,2020-06-15,6,155
Lincoln,2020-06-16,9,164
Lincoln,2020-06-17,7,171
Lincoln,2020-06-18,8,179
Lincoln,2020-06-19,7,186
Lincoln,2020-06-20,5,191
Lincoln,2020-06-21,6,197
Lincoln,2020-06-22,5,202
Lincoln,2020-06-23,4,206
Lincoln,2020-06-24,9,215
Lincoln,2020-06-25,8,223
Lincoln,2020-06-26,12,235
Lincoln,2020-06-27,9,244
Lincoln,2020-06-28,6,250
Lincoln,2020-06-29,9,259
Lincoln,2020-06-30,7,266
Lincoln,2020-07-01,10,276
Lincoln,2020-07-02,10,286
Lincoln,2020-07-03,12,298
Lincoln,2020-07-04,7,305
Lincoln,2020-07-05,23,328
Lincoln,2020-07-06,10,338
Lincoln,2020-07-07,6,344
Lincoln,2020-07-08,10,354
Lincoln,2020-07-09,17,371
Lincoln,2020-07-10,33,404
Lincoln,2020-07-11,25,429
Lincoln,2020-07-12,25,454
Lincoln,2020-07-13,21,475
Lincoln,2020-07-14,19,494
Lincoln,2020-07-15,18,512
Lincoln,2020-07-16,18,530
Lincoln,2020-07-17,12,542
Lincoln,2020-07-18,15,557
Lincoln,2020-07-19,12,569
Lincoln,2020-07-20,11,580
Lincoln,2020-07-21,16,596
Lincoln,2020-07-22,20,616
Lincoln,2020-07-23,17,633
Lincoln,2020-07-24,10,643
Lincoln,2020-07-25,19,662
Lincoln,2020-07-26,14,676
Lincoln,2020-07-27,9,685
Lincoln,2020-07-28,16,701
Lincoln,2020-07-29,19,720
Lincoln,2020-07-30,12,732
Lincoln,2020-07-31,8,740
Lincoln,2020-08-01,15,755
Lincoln,2020-08-02,8,763
Lincoln,2020-08-03,20,783
Lincoln,2020-08-04,7,790
Lincoln,2020-08-05,13,803
Lincoln,2020-08-06,21,824
Lincoln,2020-08-07,11,835
Lincoln,2020-08-08,9,844
Lincoln,2020-08-09,7,851
Lincoln,2020-08-10,11,862
Lincoln,2020-08-11,15,877
Lincoln,2020-08-12,15,892
Lincoln,2020-08-13,19,911
Lincoln,2020-08-14,18,929
Lincoln,2020-08-15,7,936
Lincoln,2020-08-16,7,943
Lincoln,2020-08-17,11,954
Lincoln,2020-08-18,16,970
Lincoln,2020-08-19,12,982
Lincoln,2020-08-20,19,1001
Lincoln,2020-08-21,20,1021
Lincoln,2020-08-22,7,1028
Lincoln,2020-08-23,15,1043
Lincoln,2020-08-24,11,1054
Lincoln,2020-08-25,8,1062
Lincoln,2020-08-26,11,1073
Lincoln,2020-08-27,6,1079
Lincoln,2020-08-28,15,1094
Lincoln,2020-08-29,12,1106
Lincoln,2020-08-30,6,1112
Lincoln,2020-08-31,11,1123
Lincoln,2020-09-01,8,1131
Lincoln,2020-09-02,25,1156
Lincoln,2020-09-03,14,1170
Lincoln,2020-09-04,22,1192
Lincoln,2020-09-05,20,1212
Lincoln,2020-09-06,7,1219
Lincoln,2020-09-07,17,1236
Lincoln,2020-09-08,23,1259
Lincoln,2020-09-09,11,1270
Lincoln,2020-09-10,29,1299
Lincoln,2020-09-11,36,1335
Lincoln,2020-09-12,11,1346
Lincoln,2020-09-13,12,1358
Lincoln,2020-09-14,18,1376
Lincoln,2020-09-15,9,1385
Lincoln,2020-09-16,12,1397
Lincoln,2020-09-17,21,1418
Lincoln,2020-09-18,24,1442
Lincoln,2020-09-19,20,1462
Lincoln,2020-09-20,18,1480
Lincoln,2020-09-21,22,1502
Lincoln,2020-09-22,15,1517
Lincoln,2020-09-23,21,1538
Lincoln,2020-09-24,13,1551
Lincoln,2020-09-25,31,1582
Lincoln,2020-09-26,28,1610
Lincoln,2020-09-27,18,1628
Lincoln,2020-09-28,18,1646
Lincoln,2020-09-29,12,1658
Lincoln,2020-09-30,20,1678
Lincoln,2020-10-01,32,1710
Lincoln,2020-10-02,26,1736
Lincoln,2020-10-03,26,1762
Lincoln,2020-10-04,16,1778
Lincoln,2020-10-05,18,1796
Lincoln,2020-10-06,26,1822
Lincoln,2020-10-07,37,1859
Lincoln,2020-10-08,25,1884
Lincoln,2020-10-09,27,1911
Lincoln,2020-10-10,29,1940
Lincoln,2020-10-11,30,1970
Lincoln,2020-10-12,17,1987
Lincoln,2020-10-13,26,2013
Lincoln,2020-10-14,17,2030
Lincoln,2020-10-15,36,2066
Lincoln,2020-10-16,37,2103
Lincoln,2020-10-17,22,2125
Lincoln,2020-10-18,15,2140
Lincoln,2020-10-19,25,2165
Lincoln,2020-10-20,30,2195
Lincoln,2020-10-21,43,2238
Lincoln,2020-10-22,30,2268
Lincoln,2020-10-23,11,2279
Lincoln,2020-10-24,20,2299
Lincoln,2020-10-25,20,2319
Lincoln,2020-10-26,37,2356
Lincoln,2020-10-27,21,2377
Lincoln,2020-10-28,27,2404
Lincoln,2020-10-29,25,2429
Lincoln,2020-10-30,23,2452
Lincoln,2020-10-31,37,2489
Lincoln,2020-11-01,14,2503
Lincoln,2020-11-02,19,2522
Lincoln,2020-11-03,18,2540
Lincoln,2020-11-04,27,2567
Lincoln,2020-11-05,26,2593
Lincoln,2020-11-06,34,2627
Lincoln,2020-11-07,32,2659
Lincoln,2020-11-08,20,2679
Lincoln,2020-11-09,26,2705
Lincoln,2020-11-10,29,2734
Lincoln,2020-11-11,16,2750
Lincoln,2020-11-12,26,2776
Lincoln,2020-11-13,27,2803
Lincoln,2020-11-14,19,2822
Lincoln,2020-11-15,25,2847
Lincoln,2020-11-16,50,2897
Lincoln,2020-11-17,30,2927
Lincoln,2020-11-18,38,2965
Lincoln,2020-11-19,35,3000
Lincoln,2020-11-20,39,3039
Lincoln,2020-11-21,33,3072
Lincoln,2020-11-22,28,3100
Lincoln,2020-11-23,54,3154
Lincoln,2020-11-24,37,3191
Lincoln,2020-11-25,26,3217
Lincoln,2020-11-26,35,3252
Lincoln,2020-11-27,32,3284
Lincoln,2020-11-28,40,3324
Lincoln,2020-11-29,28,3352
Lincoln,2020-11-30,56,3408
Lincoln,2020-12-01,50,3458
Lincoln,2020-12-02,62,3520
Lincoln,2020-12-03,58,3578
Lincoln,2020-12-04,60,3638
Lincoln,2020-12-05,73,3711
Lincoln,2020-12-06,43,3754
Lincoln,2020-12-07,50,3804
Lincoln,2020-12-08,65,3869
Lincoln,2020-12-09,76,3945
Lincoln,2020-12-10,50,3995
Lincoln,2020-12-11,50,4045
Lincoln,2020-12-12,64,4109
Lincoln,2020-12-13,52,4161
Lincoln,2020-12-14,54,4215
Lincoln,2020-12-15,45,4260
Macon,2020-04-01,1,1
Macon,2020-04-08,1,2
Macon,2020-04-29,1,3
Macon,2020-05-15,1,4
Macon,2020-05-17,1,5
Macon,2020-05-21,2,7
Macon,2020-05-22,1,8
Macon,2020-05-23,1,9
Macon,2020-05-24,5,14
Macon,2020-05-25,1,15
Macon,2020-05-27,2,17
Macon,2020-05-28,29,46
Macon,2020-05-29,17,63
Macon,2020-05-30,8,71
Macon,2020-05-31,13,84
Macon,2020-06-01,5,89
Macon,2020-06-03,8,97
Macon,2020-06-04,21,118
Macon,2020-06-06,3,121
Macon,2020-06-07,21,142
Macon,2020-06-08,11,153
Macon,2020-06-09,1,154
Macon,2020-06-10,3,157
Macon,2020-06-11,16,173
Macon,2020-06-12,8,181
Macon,2020-06-13,29,210
Macon,2020-06-14,13,223
Macon,2020-06-15,6,229
Macon,2020-06-16,1,230
Macon,2020-06-17,8,238
Macon,2020-06-18,5,243
Macon,2020-06-19,5,248
Macon,2020-06-20,3,251
Macon,2020-06-22,4,255
Macon,2020-06-23,4,259
Macon,2020-06-24,1,260
Macon,2020-06-25,2,262
Macon,2020-06-26,2,264
Macon,2020-06-27,7,271
Macon,2020-06-28,2,273
Macon,2020-06-29,4,277
Macon,2020-07-01,5,282
Macon,2020-07-04,1,283
Macon,2020-07-05,1,284
Macon,2020-07-06,2,286
Macon,2020-07-07,4,290
Macon,2020-07-08,16,306
Macon,2020-07-09,5,311
Macon,2020-07-10,9,320
Macon,2020-07-11,1,321
Macon,2020-07-12,3,324
Macon,2020-07-13,6,330
Macon,2020-07-14,6,336
Macon,2020-07-15,23,359
Macon,2020-07-16,5,364
Macon,2020-07-17,16,380
Macon,2020-07-18,2,382
Macon,2020-07-19,3,385
Macon,2020-07-20,8,393
Macon,2020-07-21,8,401
Macon,2020-07-22,9,410
Macon,2020-07-23,10,420
Macon,2020-07-24,5,425
Macon,2020-07-25,1,426
Macon,2020-07-26,8,434
Macon,2020-07-27,4,438
Macon,2020-07-28,2,440
Macon,2020-07-29,3,443
Macon,2020-07-30,1,444
Macon,2020-07-31,4,448
Macon,2020-08-01,3,451
Macon,2020-08-02,3,454
Macon,2020-08-03,2,456
Macon,2020-08-04,1,457
Macon,2020-08-05,2,459
Macon,2020-08-06,2,461
Macon,2020-08-07,5,466
Macon,2020-08-08,3,469
Macon,2020-08-09,1,470
Macon,2020-08-10,2,472
Macon,2020-08-11,4,476
Macon,2020-08-12,2,478
Macon,2020-08-13,1,479
Macon,2020-08-14,6,485
Macon,2020-08-15,2,487
Macon,2020-08-16,1,488
Macon,2020-08-17,3,491
Macon,2020-08-18,1,492
Macon,2020-08-19,7,499
Macon,2020-08-20,3,502
Macon,2020-08-21,9,511
Macon,2020-08-22,10,521
Macon,2020-08-23,4,525
Macon,2020-08-24,1,526
Macon,2020-08-26,8,534
Macon,2020-08-27,2,536
Macon,2020-08-28,9,545
Macon,2020-08-29,1,546
Macon,2020-08-30,2,548
Macon,2020-09-01,1,549
Macon,2020-09-02,2,551
Macon,2020-09-03,2,553
Macon,2020-09-04,1,554
Macon,2020-09-05,1,555
Macon,2020-09-07,1,556
Macon,2020-09-08,4,560
Macon,2020-09-09,1,561
Macon,2020-09-10,2,563
Macon,2020-09-11,6,569
Macon,2020-09-12,1,570
Macon,2020-09-13,1,571
Macon,2020-09-14,2,573
Macon,2020-09-15,1,574
Macon,2020-09-16,6,580
Macon,2020-09-17,2,582
Macon,2020-09-18,8,590
Macon,2020-09-19,2,592
Macon,2020-09-21,2,594
Macon,2020-09-23,9,603
Macon,2020-09-24,4,607
Macon,2020-09-25,1,608
Macon,2020-09-26,3,611
Macon,2020-09-27,4,615
Macon,2020-09-28,2,617
Macon,2020-09-29,4,621
Macon,2020-09-30,11,632
Macon,2020-10-01,7,639
Macon,2020-10-02,7,646
Macon,2020-10-03,3,649
Macon,2020-10-04,10,659
Macon,2020-10-05,1,660
Macon,2020-10-06,1,661
Macon,2020-10-07,8,669
Macon,2020-10-08,3,672
Macon,2020-10-09,4,676
Macon,2020-10-10,2,678
Macon,2020-10-11,7,685
Macon,2020-10-12,4,689
Macon,2020-10-13,2,691
Macon,2020-10-14,7,698
Macon,2020-10-15,4,702
Macon,2020-10-16,3,705
Macon,2020-10-18,3,708
Macon,2020-10-19,3,711
Macon,2020-10-20,2,713
Macon,2020-10-21,7,720
Macon,2020-10-22,4,724
Macon,2020-10-23,3,727
Macon,2020-10-24,1,728
Macon,2020-10-25,5,733
Macon,2020-10-26,5,738
Macon,2020-10-27,3,741
Macon,2020-10-28,7,748
Macon,2020-10-29,1,749
Macon,2020-10-30,3,752
Macon,2020-10-31,7,759
Macon,2020-11-01,2,761
Macon,2020-11-02,3,764
Macon,2020-11-03,4,768
Macon,2020-11-04,2,770
Macon,2020-11-05,2,772
Macon,2020-11-06,6,778
Macon,2020-11-08,3,781
Macon,2020-11-09,7,788
Macon,2020-11-10,1,789
Macon,2020-11-11,12,801
Macon,2020-11-12,7,808
Macon,2020-11-13,6,814
Macon,2020-11-14,1,815
Macon,2020-11-15,4,819
Macon,2020-11-16,10,829
Macon,2020-11-17,3,832
Macon,2020-11-18,12,844
Macon,2020-11-19,10,854
Macon,2020-11-20,8,862
Macon,2020-11-21,1,863
Macon,2020-11-22,1,864
Macon,2020-11-23,5,869
Macon,2020-11-24,5,874
Macon,2020-11-25,8,882
Macon,2020-11-26,5,887
Macon,2020-11-27,3,890
Macon,2020-11-28,5,895
Macon,2020-11-29,5,900
Macon,2020-11-30,5,905
Macon,2020-12-01,4,909
Macon,2020-12-02,5,914
Macon,2020-12-03,5,919
Macon,2020-12-04,3,922
Macon,2020-12-05,10,932
Macon,2020-12-06,13,945
Macon,2020-12-07,4,949
Macon,2020-12-08,3,952
Macon,2020-12-09,8,960
Macon,2020-12-10,8,968
Macon,2020-12-11,15,983
Macon,2020-12-12,13,996
Macon,2020-12-13,17,1013
Macon,2020-12-14,4,1017
Macon,2020-12-15,5,1022
Madison,2020-03-22,1,1
Madison,2020-04-24,1,2
Madison,2020-05-16,1,3
Madison,2020-05-31,1,4
Madison,2020-06-10,1,5
Madison,2020-06-11,1,6
Madison,2020-06-18,1,7
Madison,2020-06-22,1,8
Madison,2020-06-23,1,9
Madison,2020-06-24,1,10
Madison,2020-06-26,2,12
Madison,2020-06-30,1,13
Madison,2020-07-04,1,14
Madison,2020-07-05,2,16
Madison,2020-07-10,1,17
Madison,2020-07-11,1,18
Madison,2020-07-12,1,19
Madison,2020-07-15,1,20
Madison,2020-07-16,1,21
Madison,2020-07-17,1,22
Madison,2020-07-18,1,23
Madison,2020-07-19,2,25
Madison,2020-07-22,2,27
Madison,2020-07-23,1,28
Madison,2020-07-24,2,30
Madison,2020-07-25,1,31
Madison,2020-07-26,1,32
Madison,2020-07-27,3,35
Madison,2020-07-28,2,37
Madison,2020-07-29,1,38
Madison,2020-07-30,2,40
Madison,2020-08-01,1,41
Madison,2020-08-03,1,42
Madison,2020-08-06,2,44
Madison,2020-08-07,2,46
Madison,2020-08-10,1,47
Madison,2020-08-11,1,48
Madison,2020-08-13,2,50
Madison,2020-08-18,1,51
Madison,2020-08-19,1,52
Madison,2020-08-20,3,55
Madison,2020-08-23,3,58
Madison,2020-08-26,3,61
Madison,2020-08-27,1,62
Madison,2020-08-28,4,66
Madison,2020-08-29,2,68
Madison,2020-08-30,1,69
Madison,2020-09-01,1,70
Madison,2020-09-03,2,72
Madison,2020-09-04,1,73
Madison,2020-09-05,1,74
Madison,2020-09-08,3,77
Madison,2020-09-09,2,79
Madison,2020-09-11,1,80
Madison,2020-09-12,2,82
Madison,2020-09-13,1,83
Madison,2020-09-14,2,85
Madison,2020-09-15,1,86
Madison,2020-09-16,1,87
Madison,2020-09-17,1,88
Madison,2020-09-18,1,89
Madison,2020-09-19,1,90
Madison,2020-09-22,2,92
Madison,2020-09-23,3,95
Madison,2020-09-24,2,97
Madison,2020-09-25,5,102
Madison,2020-09-26,1,103
Madison,2020-09-27,5,108
Madison,2020-09-28,1,109
Madison,2020-09-29,3,112
Madison,2020-09-30,2,114
Madison,2020-10-01,2,116
Madison,2020-10-03,1,117
Madison,2020-10-04,1,118
Madison,2020-10-05,2,120
Madison,2020-10-06,3,123
Madison,2020-10-07,3,126
Madison,2020-10-08,2,128
Madison,2020-10-09,2,130
Madison,2020-10-10,1,131
Madison,2020-10-12,1,132
Madison,2020-10-14,2,134
Madison,2020-10-15,1,135
Madison,2020-10-16,5,140
Madison,2020-10-17,7,147
Madison,2020-10-18,13,160
Madison,2020-10-19,8,168
Madison,2020-10-20,8,176
Madison,2020-10-21,9,185
Madison,2020-10-22,9,194
Madison,2020-10-23,3,197
Madison,2020-10-24,3,200
Madison,2020-10-25,24,224
Madison,2020-10-26,12,236
Madison,2020-10-28,8,244
Madison,2020-10-29,21,265
Madison,2020-10-30,4,269
Madison,2020-10-31,6,275
Madison,2020-11-01,2,277
Madison,2020-11-02,5,282
Madison,2020-11-03,7,289
Madison,2020-11-04,11,300
Madison,2020-11-05,3,303
Madison,2020-11-06,2,305
Madison,2020-11-07,7,312
Madison,2020-11-08,2,314
Madison,2020-11-09,9,323
Madison,2020-11-10,8,331
Madison,2020-11-11,9,340
Madison,2020-11-12,13,353
Madison,2020-11-13,14,367
Madison,2020-11-14,9,376
Madison,2020-11-15,3,379
Madison,2020-11-16,5,384
Madison,2020-11-17,6,390
Madison,2020-11-18,13,403
Madison,2020-11-19,7,410
Madison,2020-11-20,8,418
Madison,2020-11-21,6,424
Madison,2020-11-22,10,434
Madison,2020-11-23,14,448
Madison,2020-11-24,2,450
Madison,2020-11-25,5,455
Madison,2020-11-26,14,469
Madison,2020-11-27,4,473
Madison,2020-11-28,10,483
Madison,2020-11-29,3,486
Madison,2020-11-30,9,495
Madison,2020-12-01,4,499
Madison,2020-12-02,9,508
Madison,2020-12-03,9,517
Madison,2020-12-04,6,523
Madison,2020-12-05,10,533
Madison,2020-12-06,11,544
Madison,2020-12-07,4,548
Madison,2020-12-08,8,556
Madison,2020-12-09,10,566
Madison,2020-12-10,6,572
Madison,2020-12-11,4,576
Madison,2020-12-12,17,593
Madison,2020-12-13,12,605
Madison,2020-12-14,2,607
Madison,2020-12-15,9,616
Martin,2020-03-31,3,3
Martin,2020-04-07,1,4
Martin,2020-04-09,1,5
Martin,2020-04-11,1,6
Martin,2020-04-13,1,7
Martin,2020-04-16,1,8
Martin,2020-04-17,1,9
Martin,2020-04-18,1,10
Martin,2020-04-20,1,11
Martin,2020-04-22,1,12
Martin,2020-04-23,1,13
Martin,2020-04-24,1,14
Martin,2020-04-25,1,15
Martin,2020-04-26,1,16
Martin,2020-04-30,1,17
Martin,2020-05-01,1,18
Martin,2020-05-02,3,21
Martin,2020-05-05,4,25
Martin,2020-05-06,2,27
Martin,2020-05-07,2,29
Martin,2020-05-10,2,31
Martin,2020-05-11,2,33
Martin,2020-05-13,1,34
Martin,2020-05-15,2,36
Martin,2020-05-17,2,38
Martin,2020-05-19,2,40
Martin,2020-05-20,3,43
Martin,2020-05-21,5,48
Martin,2020-05-22,1,49
Martin,2020-05-23,3,52
Martin,2020-05-24,1,53
Martin,2020-05-25,2,55
Martin,2020-05-26,5,60
Martin,2020-05-27,2,62
Martin,2020-05-28,2,64
Martin,2020-05-29,6,70
Martin,2020-05-30,1,71
Martin,2020-05-31,2,73
Martin,2020-06-03,1,74
Martin,2020-06-04,1,75
Martin,2020-06-06,1,76
Martin,2020-06-08,2,78
Martin,2020-06-10,6,84
Martin,2020-06-11,6,90
Martin,2020-06-12,4,94
Martin,2020-06-13,2,96
Martin,2020-06-14,4,100
Martin,2020-06-15,1,101
Martin,2020-06-16,1,102
Martin,2020-06-17,3,105
Martin,2020-06-19,5,110
Martin,2020-06-20,1,111
Martin,2020-06-21,6,117
Martin,2020-06-22,1,118
Martin,2020-06-23,1,119
Martin,2020-06-24,2,121
Martin,2020-06-27,3,124
Martin,2020-06-28,7,131
Martin,2020-06-29,1,132
Martin,2020-06-30,4,136
Martin,2020-07-01,3,139
Martin,2020-07-03,1,140
Martin,2020-07-04,4,144
Martin,2020-07-05,3,147
Martin,2020-07-06,4,151
Martin,2020-07-07,2,153
Martin,2020-07-08,4,157
Martin,2020-07-09,4,161
Martin,2020-07-10,2,163
Martin,2020-07-11,5,168
Martin,2020-07-12,3,171
Martin,2020-07-13,2,173
Martin,2020-07-14,2,175
Martin,2020-07-15,3,178
Martin,2020-07-16,2,180
Martin,2020-07-17,2,182
Martin,2020-07-18,5,187
Martin,2020-07-19,3,190
Martin,2020-07-21,1,191
Martin,2020-07-22,6,197
Martin,2020-07-23,1,198
Martin,2020-07-24,5,203
Martin,2020-07-25,8,211
Martin,2020-07-26,1,212
Martin,2020-07-27,1,213
Martin,2020-07-28,2,215
Martin,2020-07-29,20,235
Martin,2020-07-30,2,237
Martin,2020-07-31,3,240
Martin,2020-08-01,1,241
Martin,2020-08-02,1,242
Martin,2020-08-03,2,244
Martin,2020-08-05,4,248
Martin,2020-08-06,1,249
Martin,2020-08-07,3,252
Martin,2020-08-08,8,260
Martin,2020-08-09,5,265
Martin,2020-08-10,4,269
Martin,2020-08-11,3,272
Martin,2020-08-12,2,274
Martin,2020-08-13,4,278
Martin,2020-08-14,7,285
Martin,2020-08-15,4,289
Martin,2020-08-17,3,292
Martin,2020-08-18,1,293
Martin,2020-08-19,7,300
Martin,2020-08-20,5,305
Martin,2020-08-21,8,313
Martin,2020-08-22,2,315
Martin,2020-08-23,5,320
Martin,2020-08-24,2,322
Martin,2020-08-25,4,326
Martin,2020-08-26,5,331
Martin,2020-08-27,8,339
Martin,2020-08-28,7,346
Martin,2020-08-29,5,351
Martin,2020-08-30,3,354
Martin,2020-09-01,5,359
Martin,2020-09-02,10,369
Martin,2020-09-03,5,374
Martin,2020-09-04,3,377
Martin,2020-09-05,3,380
Martin,2020-09-06,5,385
Martin,2020-09-07,2,387
Martin,2020-09-08,1,388
Martin,2020-09-09,6,394
Martin,2020-09-10,6,400
Martin,2020-09-11,5,405
Martin,2020-09-12,2,407
Martin,2020-09-13,4,411
Martin,2020-09-14,3,414
Martin,2020-09-15,4,418
Martin,2020-09-16,3,421
Martin,2020-09-17,3,424
Martin,2020-09-18,5,429
Martin,2020-09-19,1,430
Martin,2020-09-20,2,432
Martin,2020-09-21,0,432
Martin,2020-09-22,5,437
Martin,2020-09-23,4,441
Martin,2020-09-24,6,447
Martin,2020-09-25,2,449
Martin,2020-09-26,4,453
Martin,2020-09-27,2,455
Martin,2020-09-28,3,458
Martin,2020-09-29,1,459
Martin,2020-09-30,21,480
Martin,2020-10-01,8,488
Martin,2020-10-02,4,492
Martin,2020-10-03,2,494
Martin,2020-10-04,4,498
Martin,2020-10-05,1,499
Martin,2020-10-06,3,502
Martin,2020-10-07,10,512
Martin,2020-10-08,6,518
Martin,2020-10-09,6,524
Martin,2020-10-10,3,527
Martin,2020-10-11,3,530
Martin,2020-10-12,2,532
Martin,2020-10-13,9,541
Martin,2020-10-14,8,549
Martin,2020-10-15,8,557
Martin,2020-10-16,4,561
Martin,2020-10-17,4,565
Martin,2020-10-19,3,568
Martin,2020-10-20,5,573
Martin,2020-10-21,4,577
Martin,2020-10-22,6,583
Martin,2020-10-23,7,590
Martin,2020-10-24,5,595
Martin,2020-10-25,2,597
Martin,2020-10-26,2,599
Martin,2020-10-27,3,602
Martin,2020-10-28,9,611
Martin,2020-10-29,7,618
Martin,2020-10-30,7,625
Martin,2020-10-31,6,631
Martin,2020-11-01,3,634
Martin,2020-11-02,6,640
Martin,2020-11-03,2,642
Martin,2020-11-04,3,645
Martin,2020-11-05,3,648
Martin,2020-11-06,2,650
Martin,2020-11-08,0,650
Martin,2020-11-09,2,652
Martin,2020-11-10,5,657
Martin,2020-11-11,8,665
Martin,2020-11-12,2,667
Martin,2020-11-13,4,671
Martin,2020-11-14,6,677
Martin,2020-11-15,3,680
Martin,2020-11-16,4,684
Martin,2020-11-17,7,691
Martin,2020-11-18,9,700
Martin,2020-11-19,3,703
Martin,2020-11-20,10,713
Martin,2020-11-21,2,715
Martin,2020-11-22,3,718
Martin,2020-11-23,9,727
Martin,2020-11-24,12,739
Martin,2020-11-25,10,749
Martin,2020-11-26,3,752
Martin,2020-11-27,3,755
Martin,2020-11-28,4,759
Martin,2020-11-29,4,763
Martin,2020-11-30,8,771
Martin,2020-12-01,3,774
Martin,2020-12-02,18,792
Martin,2020-12-03,14,806
Martin,2020-12-04,14,820
Martin,2020-12-05,6,826
Martin,2020-12-06,9,835
Martin,2020-12-07,9,844
Martin,2020-12-08,7,851
Martin,2020-12-09,9,860
Martin,2020-12-10,10,870
Martin,2020-12-11,28,898
Martin,2020-12-12,24,922
Martin,2020-12-13,19,941
Martin,2020-12-14,19,960
Martin,2020-12-15,10,970
McDowell,2020-03-24,2,2
McDowell,2020-03-25,1,3
McDowell,2020-03-26,1,4
McDowell,2020-03-27,1,5
McDowell,2020-03-30,1,6
McDowell,2020-03-31,1,7
McDowell,2020-04-01,1,8
McDowell,2020-04-04,1,9
McDowell,2020-04-05,1,10
McDowell,2020-04-08,3,13
McDowell,2020-04-09,3,16
McDowell,2020-04-11,2,18
McDowell,2020-04-14,1,19
McDowell,2020-04-19,1,20
McDowell,2020-04-22,2,22
McDowell,2020-04-27,1,23
McDowell,2020-04-30,1,24
McDowell,2020-05-01,1,25
McDowell,2020-05-02,2,27
McDowell,2020-05-03,1,28
McDowell,2020-05-04,1,29
McDowell,2020-05-07,1,30
McDowell,2020-05-15,1,31
McDowell,2020-05-17,2,33
McDowell,2020-05-20,3,36
McDowell,2020-05-22,1,37
McDowell,2020-05-23,3,40
McDowell,2020-05-24,4,44
McDowell,2020-05-25,1,45
McDowell,2020-05-28,4,49
McDowell,2020-05-29,2,51
McDowell,2020-05-30,9,60
McDowell,2020-05-31,3,63
McDowell,2020-06-01,6,69
McDowell,2020-06-02,7,76
McDowell,2020-06-03,8,84
McDowell,2020-06-04,7,91
McDowell,2020-06-05,7,98
McDowell,2020-06-06,3,101
McDowell,2020-06-07,1,102
McDowell,2020-06-08,2,104
McDowell,2020-06-09,7,111
McDowell,2020-06-10,13,124
McDowell,2020-06-11,7,131
McDowell,2020-06-12,13,144
McDowell,2020-06-13,9,153
McDowell,2020-06-14,7,160
McDowell,2020-06-15,4,164
McDowell,2020-06-16,4,168
McDowell,2020-06-17,4,172
McDowell,2020-06-18,5,177
McDowell,2020-06-19,9,186
McDowell,2020-06-20,10,196
McDowell,2020-06-22,6,202
McDowell,2020-06-23,2,204
McDowell,2020-06-24,7,211
McDowell,2020-06-25,6,217
McDowell,2020-06-26,1,218
McDowell,2020-06-27,5,223
McDowell,2020-06-28,8,231
McDowell,2020-06-29,2,233
McDowell,2020-06-30,6,239
McDowell,2020-07-01,4,243
McDowell,2020-07-02,16,259
McDowell,2020-07-03,2,261
McDowell,2020-07-04,6,267
McDowell,2020-07-05,2,269
McDowell,2020-07-06,9,278
McDowell,2020-07-07,12,290
McDowell,2020-07-08,6,296
McDowell,2020-07-09,10,306
McDowell,2020-07-10,3,309
McDowell,2020-07-11,3,312
McDowell,2020-07-12,5,317
McDowell,2020-07-13,7,324
McDowell,2020-07-14,7,331
McDowell,2020-07-15,14,345
McDowell,2020-07-16,4,349
McDowell,2020-07-17,9,358
McDowell,2020-07-18,16,374
McDowell,2020-07-19,21,395
McDowell,2020-07-20,9,404
McDowell,2020-07-21,6,410
McDowell,2020-07-22,14,424
McDowell,2020-07-23,16,440
McDowell,2020-07-24,14,454
McDowell,2020-07-25,7,461
McDowell,2020-07-26,2,463
McDowell,2020-07-27,11,474
McDowell,2020-07-28,34,508
McDowell,2020-07-29,46,554
McDowell,2020-07-30,16,570
McDowell,2020-07-31,19,589
McDowell,2020-08-01,6,595
McDowell,2020-08-02,5,600
McDowell,2020-08-03,22,622
McDowell,2020-08-04,12,634
McDowell,2020-08-05,19,653
McDowell,2020-08-06,9,662
McDowell,2020-08-07,7,669
McDowell,2020-08-08,4,673
McDowell,2020-08-09,11,684
McDowell,2020-08-10,7,691
McDowell,2020-08-11,2,693
McDowell,2020-08-12,7,700
McDowell,2020-08-13,10,710
McDowell,2020-08-14,7,717
McDowell,2020-08-15,3,720
McDowell,2020-08-16,3,723
McDowell,2020-08-17,10,733
McDowell,2020-08-18,6,739
McDowell,2020-08-19,8,747
McDowell,2020-08-20,5,752
McDowell,2020-08-21,3,755
McDowell,2020-08-22,1,756
McDowell,2020-08-23,7,763
McDowell,2020-08-24,5,768
McDowell,2020-08-25,2,770
McDowell,2020-08-26,9,779
McDowell,2020-08-27,3,782
McDowell,2020-08-28,8,790
McDowell,2020-08-29,4,794
McDowell,2020-08-30,10,804
McDowell,2020-08-31,5,809
McDowell,2020-09-01,4,813
McDowell,2020-09-02,5,818
McDowell,2020-09-03,6,824
McDowell,2020-09-04,3,827
McDowell,2020-09-05,8,835
McDowell,2020-09-06,3,838
McDowell,2020-09-07,1,839
McDowell,2020-09-08,7,846
McDowell,2020-09-10,9,855
McDowell,2020-09-11,4,859
McDowell,2020-09-13,6,865
McDowell,2020-09-14,2,867
McDowell,2020-09-15,3,870
McDowell,2020-09-16,1,871
McDowell,2020-09-17,4,875
McDowell,2020-09-18,4,879
McDowell,2020-09-19,2,881
McDowell,2020-09-20,3,884
McDowell,2020-09-21,1,885
McDowell,2020-09-22,7,892
McDowell,2020-09-23,12,904
McDowell,2020-09-24,1,905
McDowell,2020-09-25,7,912
McDowell,2020-09-26,26,938
McDowell,2020-09-27,3,941
McDowell,2020-09-28,3,944
McDowell,2020-09-29,4,948
McDowell,2020-09-30,17,965
McDowell,2020-10-01,8,973
McDowell,2020-10-02,7,980
McDowell,2020-10-03,12,992
McDowell,2020-10-04,7,999
McDowell,2020-10-05,1,1000
McDowell,2020-10-06,4,1004
McDowell,2020-10-07,17,1021
McDowell,2020-10-08,5,1026
McDowell,2020-10-09,9,1035
McDowell,2020-10-10,10,1045
McDowell,2020-10-11,2,1047
McDowell,2020-10-12,13,1060
McDowell,2020-10-13,5,1065
McDowell,2020-10-14,7,1072
McDowell,2020-10-15,8,1080
McDowell,2020-10-16,6,1086
McDowell,2020-10-17,7,1093
McDowell,2020-10-18,4,1097
McDowell,2020-10-19,6,1103
McDowell,2020-10-20,10,1113
McDowell,2020-10-21,10,1123
McDowell,2020-10-22,9,1132
McDowell,2020-10-23,12,1144
McDowell,2020-10-24,1,1145
McDowell,2020-10-25,5,1150
McDowell,2020-10-26,5,1155
McDowell,2020-10-27,11,1166
McDowell,2020-10-28,18,1184
McDowell,2020-10-29,7,1191
McDowell,2020-10-30,8,1199
McDowell,2020-10-31,6,1205
McDowell,2020-11-01,3,1208
McDowell,2020-11-02,11,1219
McDowell,2020-11-03,6,1225
McDowell,2020-11-04,7,1232
McDowell,2020-11-05,10,1242
McDowell,2020-11-06,18,1260
McDowell,2020-11-07,5,1265
McDowell,2020-11-08,0,1265
McDowell,2020-11-09,11,1276
McDowell,2020-11-10,14,1290
McDowell,2020-11-11,9,1299
McDowell,2020-11-12,16,1315
McDowell,2020-11-13,8,1323
McDowell,2020-11-14,7,1330
McDowell,2020-11-15,9,1339
McDowell,2020-11-16,20,1359
McDowell,2020-11-17,8,1367
McDowell,2020-11-18,26,1393
McDowell,2020-11-19,15,1408
McDowell,2020-11-20,10,1418
McDowell,2020-11-21,19,1437
McDowell,2020-11-22,13,1450
McDowell,2020-11-23,23,1473
McDowell,2020-11-24,10,1483
McDowell,2020-11-25,25,1508
McDowell,2020-11-26,20,1528
McDowell,2020-11-27,10,1538
McDowell,2020-11-28,18,1556
McDowell,2020-11-29,9,1565
McDowell,2020-11-30,19,1584
McDowell,2020-12-01,11,1595
McDowell,2020-12-02,41,1636
McDowell,2020-12-03,45,1681
McDowell,2020-12-04,28,1709
McDowell,2020-12-05,32,1741
McDowell,2020-12-06,32,1773
McDowell,2020-12-07,46,1819
McDowell,2020-12-08,13,1832
McDowell,2020-12-09,58,1890
McDowell,2020-12-10,37,1927
McDowell,2020-12-11,37,1964
McDowell,2020-12-12,58,2022
McDowell,2020-12-13,24,2046
McDowell,2020-12-14,8,2054
McDowell,2020-12-15,8,2062
Mecklenburg,2020-03-12,1,1
Mecklenburg,2020-03-14,3,4
Mecklenburg,2020-03-16,3,7
Mecklenburg,2020-03-17,4,11
Mecklenburg,2020-03-18,5,16
Mecklenburg,2020-03-19,18,34
Mecklenburg,2020-03-20,13,47
Mecklenburg,2020-03-21,22,69
Mecklenburg,2020-03-22,11,80
Mecklenburg,2020-03-23,26,106
Mecklenburg,2020-03-24,37,143
Mecklenburg,2020-03-25,40,183
Mecklenburg,2020-03-26,32,215
Mecklenburg,2020-03-27,45,260
Mecklenburg,2020-03-28,43,303
Mecklenburg,2020-03-29,43,346
Mecklenburg,2020-03-30,40,386
Mecklenburg,2020-03-31,33,419
Mecklenburg,2020-04-01,52,471
Mecklenburg,2020-04-02,62,533
Mecklenburg,2020-04-03,69,602
Mecklenburg,2020-04-04,54,656
Mecklenburg,2020-04-05,61,717
Mecklenburg,2020-04-06,47,764
Mecklenburg,2020-04-07,51,815
Mecklenburg,2020-04-08,39,854
Mecklenburg,2020-04-09,30,884
Mecklenburg,2020-04-10,36,920
Mecklenburg,2020-04-11,20,940
Mecklenburg,2020-04-12,32,972
Mecklenburg,2020-04-13,15,987
Mecklenburg,2020-04-14,18,1005
Mecklenburg,2020-04-15,58,1063
Mecklenburg,2020-04-16,42,1105
Mecklenburg,2020-04-17,34,1139
Mecklenburg,2020-04-18,15,1154
Mecklenburg,2020-04-19,42,1196
Mecklenburg,2020-04-20,35,1231
Mecklenburg,2020-04-21,42,1273
Mecklenburg,2020-04-22,65,1338
Mecklenburg,2020-04-23,44,1382
Mecklenburg,2020-04-24,43,1425
Mecklenburg,2020-04-25,22,1447
Mecklenburg,2020-04-26,29,1476
Mecklenburg,2020-04-27,13,1489
Mecklenburg,2020-04-28,47,1536
Mecklenburg,2020-04-29,59,1595
Mecklenburg,2020-04-30,37,1632
Mecklenburg,2020-05-01,31,1663
Mecklenburg,2020-05-02,33,1696
Mecklenburg,2020-05-03,25,1721
Mecklenburg,2020-05-04,24,1745
Mecklenburg,2020-05-05,52,1797
Mecklenburg,2020-05-06,89,1886
Mecklenburg,2020-05-07,79,1965
Mecklenburg,2020-05-08,40,2005
Mecklenburg,2020-05-09,71,2076
Mecklenburg,2020-05-10,33,2109
Mecklenburg,2020-05-11,26,2135
Mecklenburg,2020-05-12,64,2199
Mecklenburg,2020-05-13,97,2296
Mecklenburg,2020-05-14,69,2365
Mecklenburg,2020-05-15,106,2471
Mecklenburg,2020-05-16,86,2557
Mecklenburg,2020-05-17,64,2621
Mecklenburg,2020-05-18,43,2664
Mecklenburg,2020-05-19,70,2734
Mecklenburg,2020-05-20,105,2839
Mecklenburg,2020-05-21,80,2919
Mecklenburg,2020-05-22,137,3056
Mecklenburg,2020-05-23,100,3156
Mecklenburg,2020-05-24,115,3271
Mecklenburg,2020-05-25,90,3361
Mecklenburg,2020-05-26,66,3427
Mecklenburg,2020-05-27,129,3556
Mecklenburg,2020-05-28,185,3741
Mecklenburg,2020-05-29,201,3942
Mecklenburg,2020-05-30,167,4109
Mecklenburg,2020-05-31,196,4305
Mecklenburg,2020-06-01,82,4387
Mecklenburg,2020-06-02,158,4545
Mecklenburg,2020-06-03,210,4755
Mecklenburg,2020-06-04,180,4935
Mecklenburg,2020-06-05,262,5197
Mecklenburg,2020-06-06,172,5369
Mecklenburg,2020-06-07,238,5607
Mecklenburg,2020-06-08,94,5701
Mecklenburg,2020-06-09,133,5834
Mecklenburg,2020-06-10,275,6109
Mecklenburg,2020-06-11,309,6418
Mecklenburg,2020-06-12,271,6689
Mecklenburg,2020-06-13,324,7013
Mecklenburg,2020-06-14,225,7238
Mecklenburg,2020-06-15,165,7403
Mecklenburg,2020-06-16,106,7509
Mecklenburg,2020-06-17,280,7789
Mecklenburg,2020-06-18,310,8099
Mecklenburg,2020-06-19,241,8340
Mecklenburg,2020-06-20,293,8633
Mecklenburg,2020-06-21,255,8888
Mecklenburg,2020-06-22,141,9029
Mecklenburg,2020-06-23,227,9256
Mecklenburg,2020-06-24,282,9538
Mecklenburg,2020-06-25,331,9869
Mecklenburg,2020-06-26,344,10213
Mecklenburg,2020-06-27,307,10520
Mecklenburg,2020-06-28,259,10779
Mecklenburg,2020-06-29,296,11075
Mecklenburg,2020-06-30,364,11439
Mecklenburg,2020-07-01,296,11735
Mecklenburg,2020-07-02,435,12170
Mecklenburg,2020-07-03,327,12497
Mecklenburg,2020-07-04,234,12731
Mecklenburg,2020-07-05,318,13049
Mecklenburg,2020-07-06,184,13233
Mecklenburg,2020-07-07,188,13421
Mecklenburg,2020-07-08,278,13699
Mecklenburg,2020-07-09,415,14114
Mecklenburg,2020-07-10,419,14533
Mecklenburg,2020-07-11,407,14940
Mecklenburg,2020-07-12,339,15279
Mecklenburg,2020-07-13,339,15618
Mecklenburg,2020-07-14,270,15888
Mecklenburg,2020-07-15,362,16250
Mecklenburg,2020-07-16,265,16515
Mecklenburg,2020-07-17,375,16890
Mecklenburg,2020-07-18,354,17244
Mecklenburg,2020-07-19,235,17479
Mecklenburg,2020-07-20,200,17679
Mecklenburg,2020-07-21,250,17929
Mecklenburg,2020-07-22,353,18282
Mecklenburg,2020-07-23,325,18607
Mecklenburg,2020-07-24,295,18902
Mecklenburg,2020-07-25,260,19162
Mecklenburg,2020-07-26,211,19373
Mecklenburg,2020-07-27,217,19590
Mecklenburg,2020-07-28,228,19818
Mecklenburg,2020-07-29,321,20139
Mecklenburg,2020-07-30,225,20364
Mecklenburg,2020-07-31,238,20602
Mecklenburg,2020-08-01,202,20804
Mecklenburg,2020-08-02,192,20996
Mecklenburg,2020-08-03,205,21201
Mecklenburg,2020-08-04,183,21384
Mecklenburg,2020-08-05,216,21600
Mecklenburg,2020-08-06,199,21799
Mecklenburg,2020-08-07,181,21980
Mecklenburg,2020-08-08,178,22158
Mecklenburg,2020-08-09,66,22224
Mecklenburg,2020-08-10,182,22406
Mecklenburg,2020-08-11,133,22539
Mecklenburg,2020-08-12,161,22700
Mecklenburg,2020-08-13,159,22859
Mecklenburg,2020-08-14,133,22992
Mecklenburg,2020-08-15,142,23134
Mecklenburg,2020-08-16,90,23224
Mecklenburg,2020-08-17,136,23360
Mecklenburg,2020-08-18,156,23516
Mecklenburg,2020-08-19,156,23672
Mecklenburg,2020-08-20,186,23858
Mecklenburg,2020-08-21,178,24036
Mecklenburg,2020-08-22,135,24171
Mecklenburg,2020-08-23,127,24298
Mecklenburg,2020-08-24,177,24475
Mecklenburg,2020-08-25,113,24588
Mecklenburg,2020-08-26,220,24808
Mecklenburg,2020-08-27,188,24996
Mecklenburg,2020-08-28,136,25132
Mecklenburg,2020-08-29,158,25290
Mecklenburg,2020-08-30,130,25420
Mecklenburg,2020-08-31,131,25551
Mecklenburg,2020-09-01,121,25672
Mecklenburg,2020-09-02,165,25837
Mecklenburg,2020-09-03,152,25989
Mecklenburg,2020-09-04,128,26117
Mecklenburg,2020-09-05,103,26220
Mecklenburg,2020-09-06,68,26288
Mecklenburg,2020-09-07,93,26381
Mecklenburg,2020-09-08,106,26487
Mecklenburg,2020-09-09,68,26555
Mecklenburg,2020-09-10,141,26696
Mecklenburg,2020-09-11,88,26784
Mecklenburg,2020-09-12,78,26862
Mecklenburg,2020-09-13,68,26930
Mecklenburg,2020-09-14,95,27025
Mecklenburg,2020-09-15,105,27130
Mecklenburg,2020-09-16,119,27249
Mecklenburg,2020-09-17,115,27364
Mecklenburg,2020-09-18,104,27468
Mecklenburg,2020-09-19,83,27551
Mecklenburg,2020-09-20,62,27613
Mecklenburg,2020-09-21,106,27719
Mecklenburg,2020-09-22,81,27800
Mecklenburg,2020-09-23,106,27906
Mecklenburg,2020-09-24,162,28068
Mecklenburg,2020-09-25,148,28216
Mecklenburg,2020-09-26,118,28334
Mecklenburg,2020-09-27,58,28392
Mecklenburg,2020-09-28,111,28503
Mecklenburg,2020-09-29,85,28588
Mecklenburg,2020-09-30,147,28735
Mecklenburg,2020-10-01,154,28889
Mecklenburg,2020-10-02,110,28999
Mecklenburg,2020-10-03,102,29101
Mecklenburg,2020-10-04,96,29197
Mecklenburg,2020-10-05,80,29277
Mecklenburg,2020-10-06,123,29400
Mecklenburg,2020-10-07,140,29540
Mecklenburg,2020-10-08,122,29662
Mecklenburg,2020-10-09,157,29819
Mecklenburg,2020-10-10,116,29935
Mecklenburg,2020-10-11,135,30070
Mecklenburg,2020-10-12,144,30214
Mecklenburg,2020-10-13,159,30373
Mecklenburg,2020-10-14,234,30607
Mecklenburg,2020-10-15,205,30812
Mecklenburg,2020-10-16,196,31008
Mecklenburg,2020-10-17,191,31199
Mecklenburg,2020-10-18,183,31382
Mecklenburg,2020-10-19,184,31566
Mecklenburg,2020-10-20,193,31759
Mecklenburg,2020-10-21,265,32024
Mecklenburg,2020-10-22,237,32261
Mecklenburg,2020-10-23,209,32470
Mecklenburg,2020-10-24,167,32637
Mecklenburg,2020-10-25,202,32839
Mecklenburg,2020-10-26,192,33031
Mecklenburg,2020-10-27,218,33249
Mecklenburg,2020-10-28,255,33504
Mecklenburg,2020-10-29,188,33692
Mecklenburg,2020-10-30,189,33881
Mecklenburg,2020-10-31,223,34104
Mecklenburg,2020-11-01,199,34303
Mecklenburg,2020-11-02,222,34525
Mecklenburg,2020-11-03,274,34799
Mecklenburg,2020-11-04,219,35018
Mecklenburg,2020-11-05,252,35270
Mecklenburg,2020-11-06,244,35514
Mecklenburg,2020-11-07,216,35730
Mecklenburg,2020-11-08,198,35928
Mecklenburg,2020-11-09,284,36212
Mecklenburg,2020-11-10,281,36493
Mecklenburg,2020-11-11,282,36775
Mecklenburg,2020-11-12,347,37122
Mecklenburg,2020-11-13,353,37475
Mecklenburg,2020-11-14,296,37771
Mecklenburg,2020-11-15,251,38022
Mecklenburg,2020-11-16,308,38330
Mecklenburg,2020-11-17,338,38668
Mecklenburg,2020-11-18,385,39053
Mecklenburg,2020-11-19,425,39478
Mecklenburg,2020-11-20,386,39864
Mecklenburg,2020-11-21,314,40178
Mecklenburg,2020-11-22,256,40434
Mecklenburg,2020-11-23,368,40802
Mecklenburg,2020-11-24,384,41186
Mecklenburg,2020-11-25,409,41595
Mecklenburg,2020-11-26,364,41959
Mecklenburg,2020-11-27,387,42346
Mecklenburg,2020-11-28,342,42688
Mecklenburg,2020-11-29,301,42989
Mecklenburg,2020-11-30,407,43396
Mecklenburg,2020-12-01,594,43990
Mecklenburg,2020-12-02,552,44542
Mecklenburg,2020-12-03,643,45185
Mecklenburg,2020-12-04,630,45815
Mecklenburg,2020-12-05,631,46446
Mecklenburg,2020-12-06,429,46875
Mecklenburg,2020-12-07,561,47436
Mecklenburg,2020-12-08,641,48077
Mecklenburg,2020-12-09,624,48701
Mecklenburg,2020-12-10,626,49327
Mecklenburg,2020-12-11,606,49933
Mecklenburg,2020-12-12,573,50506
Mecklenburg,2020-12-13,457,50963
Mecklenburg,2020-12-14,561,51524
Mecklenburg,2020-12-15,355,51879
Mitchell,2020-03-25,1,1
Mitchell,2020-04-01,1,2
Mitchell,2020-04-07,1,3
Mitchell,2020-04-10,1,4
Mitchell,2020-04-16,1,5
Mitchell,2020-05-15,1,6
Mitchell,2020-05-21,2,8
Mitchell,2020-05-26,1,9
Mitchell,2020-05-28,1,10
Mitchell,2020-05-29,1,11
Mitchell,2020-05-30,1,12
Mitchell,2020-06-01,1,13
Mitchell,2020-06-10,2,15
Mitchell,2020-06-14,1,16
Mitchell,2020-06-15,1,17
Mitchell,2020-06-16,2,19
Mitchell,2020-06-17,2,21
Mitchell,2020-06-18,2,23
Mitchell,2020-06-19,1,24
Mitchell,2020-06-21,1,25
Mitchell,2020-06-24,1,26
Mitchell,2020-06-26,4,30
Mitchell,2020-06-27,2,32
Mitchell,2020-06-28,1,33
Mitchell,2020-06-30,1,34
Mitchell,2020-07-01,2,36
Mitchell,2020-07-02,5,41
Mitchell,2020-07-03,3,44
Mitchell,2020-07-04,1,45
Mitchell,2020-07-05,5,50
Mitchell,2020-07-06,1,51
Mitchell,2020-07-07,1,52
Mitchell,2020-07-08,3,55
Mitchell,2020-07-09,0,55
Mitchell,2020-07-12,1,56
Mitchell,2020-07-13,1,57
Mitchell,2020-07-15,1,58
Mitchell,2020-07-16,0,58
Mitchell,2020-07-17,2,60
Mitchell,2020-07-20,0,60
Mitchell,2020-07-21,0,60
Mitchell,2020-07-22,3,63
Mitchell,2020-07-23,3,66
Mitchell,2020-07-24,1,67
Mitchell,2020-07-26,3,70
Mitchell,2020-07-29,0,70
Mitchell,2020-07-30,1,71
Mitchell,2020-07-31,2,73
Mitchell,2020-08-01,2,75
Mitchell,2020-08-03,1,76
Mitchell,2020-08-04,0,76
Mitchell,2020-08-05,1,77
Mitchell,2020-08-10,1,78
Mitchell,2020-08-11,0,78
Mitchell,2020-08-12,2,80
Mitchell,2020-08-16,2,82
Mitchell,2020-08-18,1,83
Mitchell,2020-08-19,1,84
Mitchell,2020-08-20,1,85
Mitchell,2020-08-21,1,86
Mitchell,2020-08-22,4,90
Mitchell,2020-08-25,1,91
Mitchell,2020-08-28,0,91
Mitchell,2020-08-29,1,92
Mitchell,2020-08-30,0,92
Mitchell,2020-09-01,0,92
Mitchell,2020-09-03,0,92
Mitchell,2020-09-04,1,93
Mitchell,2020-09-08,1,94
Mitchell,2020-09-09,0,94
Mitchell,2020-09-11,0,94
Mitchell,2020-09-12,1,95
Mitchell,2020-09-13,1,96
Mitchell,2020-09-14,3,99
Mitchell,2020-09-15,1,100
Mitchell,2020-09-17,1,101
Mitchell,2020-09-18,0,101
Mitchell,2020-09-19,2,103
Mitchell,2020-09-21,0,103
Mitchell,2020-09-22,0,103
Mitchell,2020-09-23,1,104
Mitchell,2020-09-24,3,107
Mitchell,2020-09-25,1,108
Mitchell,2020-09-26,6,114
Mitchell,2020-09-27,1,115
Mitchell,2020-09-28,2,117
Mitchell,2020-09-30,4,121
Mitchell,2020-10-01,1,122
Mitchell,2020-10-03,2,124
Mitchell,2020-10-04,1,125
Mitchell,2020-10-05,0,125
Mitchell,2020-10-06,1,126
Mitchell,2020-10-07,1,127
Mitchell,2020-10-08,1,128
Mitchell,2020-10-09,0,128
Mitchell,2020-10-10,1,129
Mitchell,2020-10-13,0,129
Mitchell,2020-10-14,4,133
Mitchell,2020-10-15,9,142
Mitchell,2020-10-16,2,144
Mitchell,2020-10-17,2,146
Mitchell,2020-10-18,2,148
Mitchell,2020-10-19,2,150
Mitchell,2020-10-20,1,151
Mitchell,2020-10-21,1,152
Mitchell,2020-10-22,2,154
Mitchell,2020-10-23,1,155
Mitchell,2020-10-24,3,158
Mitchell,2020-10-25,4,162
Mitchell,2020-10-26,6,168
Mitchell,2020-10-27,1,169
Mitchell,2020-10-28,5,174
Mitchell,2020-10-29,2,176
Mitchell,2020-10-30,0,176
Mitchell,2020-10-31,1,177
Mitchell,2020-11-01,5,182
Mitchell,2020-11-02,3,185
Mitchell,2020-11-03,2,187
Mitchell,2020-11-04,9,196
Mitchell,2020-11-05,16,212
Mitchell,2020-11-06,8,220
Mitchell,2020-11-07,5,225
Mitchell,2020-11-08,6,231
Mitchell,2020-11-09,6,237
Mitchell,2020-11-10,2,239
Mitchell,2020-11-11,32,271
Mitchell,2020-11-12,12,283
Mitchell,2020-11-13,4,287
Mitchell,2020-11-14,6,293
Mitchell,2020-11-15,3,296
Mitchell,2020-11-16,6,302
Mitchell,2020-11-17,2,304
Mitchell,2020-11-18,22,326
Mitchell,2020-11-19,7,333
Mitchell,2020-11-20,10,343
Mitchell,2020-11-22,4,347
Mitchell,2020-11-23,5,352
Mitchell,2020-11-24,4,356
Mitchell,2020-11-25,8,364
Mitchell,2020-11-26,19,383
Mitchell,2020-11-27,3,386
Mitchell,2020-11-28,4,390
Mitchell,2020-11-30,3,393
Mitchell,2020-12-01,1,394
Mitchell,2020-12-02,21,415
Mitchell,2020-12-03,21,436
Mitchell,2020-12-04,1,437
Mitchell,2020-12-05,4,441
Mitchell,2020-12-06,16,457
Mitchell,2020-12-07,5,462
Mitchell,2020-12-08,3,465
Mitchell,2020-12-09,13,478
Mitchell,2020-12-10,17,495
Mitchell,2020-12-11,5,500
Mitchell,2020-12-12,12,512
Mitchell,2020-12-13,14,526
Mitchell,2020-12-14,6,532
Mitchell,2020-12-15,7,539
Montgomery,2020-03-21,1,1
Montgomery,2020-03-25,2,3
Montgomery,2020-03-29,2,5
Montgomery,2020-03-31,1,6
Montgomery,2020-04-01,2,8
Montgomery,2020-04-03,1,9
Montgomery,2020-04-06,1,10
Montgomery,2020-04-07,2,12
Montgomery,2020-04-09,1,13
Montgomery,2020-04-13,1,14
Montgomery,2020-04-14,1,15
Montgomery,2020-04-16,2,17
Montgomery,2020-04-18,1,18
Montgomery,2020-04-22,1,19
Montgomery,2020-04-23,1,20
Montgomery,2020-04-25,1,21
Montgomery,2020-04-26,1,22
Montgomery,2020-04-27,6,28
Montgomery,2020-04-28,2,30
Montgomery,2020-04-29,3,33
Montgomery,2020-04-30,2,35
Montgomery,2020-05-04,1,36
Montgomery,2020-05-05,2,38
Montgomery,2020-05-06,1,39
Montgomery,2020-05-07,1,40
Montgomery,2020-05-11,2,42
Montgomery,2020-05-12,1,43
Montgomery,2020-05-13,1,44
Montgomery,2020-05-14,3,47
Montgomery,2020-05-15,8,55
Montgomery,2020-05-16,1,56
Montgomery,2020-05-18,7,63
Montgomery,2020-05-19,9,72
Montgomery,2020-05-20,3,75
Montgomery,2020-05-21,4,79
Montgomery,2020-05-22,7,86
Montgomery,2020-05-23,1,87
Montgomery,2020-05-24,1,88
Montgomery,2020-05-25,1,89
Montgomery,2020-05-26,10,99
Montgomery,2020-05-27,5,104
Montgomery,2020-05-28,5,109
Montgomery,2020-05-29,18,127
Montgomery,2020-05-30,5,132
Montgomery,2020-05-31,11,143
Montgomery,2020-06-01,6,149
Montgomery,2020-06-02,7,156
Montgomery,2020-06-03,2,158
Montgomery,2020-06-04,7,165
Montgomery,2020-06-05,4,169
Montgomery,2020-06-06,4,173
Montgomery,2020-06-07,2,175
Montgomery,2020-06-08,2,177
Montgomery,2020-06-09,6,183
Montgomery,2020-06-10,8,191
Montgomery,2020-06-11,10,201
Montgomery,2020-06-12,12,213
Montgomery,2020-06-13,5,218
Montgomery,2020-06-14,8,226
Montgomery,2020-06-15,4,230
Montgomery,2020-06-16,6,236
Montgomery,2020-06-17,11,247
Montgomery,2020-06-18,6,253
Montgomery,2020-06-19,9,262
Montgomery,2020-06-20,4,266
Montgomery,2020-06-21,2,268
Montgomery,2020-06-22,3,271
Montgomery,2020-06-23,9,280
Montgomery,2020-06-24,4,284
Montgomery,2020-06-25,8,292
Montgomery,2020-06-26,7,299
Montgomery,2020-06-27,16,315
Montgomery,2020-06-28,4,319
Montgomery,2020-06-29,4,323
Montgomery,2020-06-30,7,330
Montgomery,2020-07-01,3,333
Montgomery,2020-07-02,12,345
Montgomery,2020-07-03,3,348
Montgomery,2020-07-04,5,353
Montgomery,2020-07-05,4,357
Montgomery,2020-07-06,11,368
Montgomery,2020-07-07,6,374
Montgomery,2020-07-08,6,380
Montgomery,2020-07-09,5,385
Montgomery,2020-07-10,13,398
Montgomery,2020-07-11,5,403
Montgomery,2020-07-12,3,406
Montgomery,2020-07-13,9,415
Montgomery,2020-07-14,9,424
Montgomery,2020-07-15,7,431
Montgomery,2020-07-16,8,439
Montgomery,2020-07-17,12,451
Montgomery,2020-07-18,7,458
Montgomery,2020-07-19,3,461
Montgomery,2020-07-20,2,463
Montgomery,2020-07-21,6,469
Montgomery,2020-07-22,7,476
Montgomery,2020-07-23,23,499
Montgomery,2020-07-24,13,512
Montgomery,2020-07-25,16,528
Montgomery,2020-07-26,18,546
Montgomery,2020-07-27,17,563
Montgomery,2020-07-28,6,569
Montgomery,2020-07-29,4,573
Montgomery,2020-07-30,7,580
Montgomery,2020-07-31,14,594
Montgomery,2020-08-01,6,600
Montgomery,2020-08-02,4,604
Montgomery,2020-08-03,8,612
Montgomery,2020-08-04,10,622
Montgomery,2020-08-05,12,634
Montgomery,2020-08-06,5,639
Montgomery,2020-08-07,7,646
Montgomery,2020-08-08,5,651
Montgomery,2020-08-09,21,672
Montgomery,2020-08-10,3,675
Montgomery,2020-08-11,1,676
Montgomery,2020-08-12,4,680
Montgomery,2020-08-13,5,685
Montgomery,2020-08-14,10,695
Montgomery,2020-08-15,15,710
Montgomery,2020-08-16,18,728
Montgomery,2020-08-17,5,733
Montgomery,2020-08-18,9,742
Montgomery,2020-08-19,20,762
Montgomery,2020-08-20,9,771
Montgomery,2020-08-21,17,788
Montgomery,2020-08-22,13,801
Montgomery,2020-08-23,8,809
Montgomery,2020-08-24,8,817
Montgomery,2020-08-25,9,826
Montgomery,2020-08-26,7,833
Montgomery,2020-08-27,21,854
Montgomery,2020-08-28,21,875
Montgomery,2020-08-29,10,885
Montgomery,2020-08-30,4,889
Montgomery,2020-08-31,3,892
Montgomery,2020-09-01,11,903
Montgomery,2020-09-02,12,915
Montgomery,2020-09-03,6,921
Montgomery,2020-09-04,8,929
Montgomery,2020-09-05,11,940
Montgomery,2020-09-06,2,942
Montgomery,2020-09-07,6,948
Montgomery,2020-09-08,7,955
Montgomery,2020-09-09,1,956
Montgomery,2020-09-10,10,966
Montgomery,2020-09-11,5,971
Montgomery,2020-09-12,5,976
Montgomery,2020-09-13,3,979
Montgomery,2020-09-14,7,986
Montgomery,2020-09-15,7,993
Montgomery,2020-09-16,8,1001
Montgomery,2020-09-17,5,1006
Montgomery,2020-09-18,4,1010
Montgomery,2020-09-19,9,1019
Montgomery,2020-09-21,0,1019
Montgomery,2020-09-22,2,1021
Montgomery,2020-09-23,1,1022
Montgomery,2020-09-24,6,1028
Montgomery,2020-09-25,4,1032
Montgomery,2020-09-26,1,1033
Montgomery,2020-09-27,1,1034
Montgomery,2020-09-28,4,1038
Montgomery,2020-09-29,6,1044
Montgomery,2020-09-30,1,1045
Montgomery,2020-10-01,4,1049
Montgomery,2020-10-02,2,1051
Montgomery,2020-10-03,3,1054
Montgomery,2020-10-04,4,1058
Montgomery,2020-10-05,1,1059
Montgomery,2020-10-06,1,1060
Montgomery,2020-10-07,5,1065
Montgomery,2020-10-08,6,1071
Montgomery,2020-10-10,3,1074
Montgomery,2020-10-11,4,1078
Montgomery,2020-10-12,3,1081
Montgomery,2020-10-13,5,1086
Montgomery,2020-10-14,8,1094
Montgomery,2020-10-15,13,1107
Montgomery,2020-10-16,14,1121
Montgomery,2020-10-17,5,1126
Montgomery,2020-10-18,5,1131
Montgomery,2020-10-19,1,1132
Montgomery,2020-10-20,1,1133
Montgomery,2020-10-21,8,1141
Montgomery,2020-10-22,2,1143
Montgomery,2020-10-23,4,1147
Montgomery,2020-10-24,5,1152
Montgomery,2020-10-25,2,1154
Montgomery,2020-10-26,5,1159
Montgomery,2020-10-27,8,1167
Montgomery,2020-10-28,9,1176
Montgomery,2020-10-29,2,1178
Montgomery,2020-10-30,6,1184
Montgomery,2020-10-31,6,1190
Montgomery,2020-11-01,6,1196
Montgomery,2020-11-02,3,1199
Montgomery,2020-11-03,10,1209
Montgomery,2020-11-04,3,1212
Montgomery,2020-11-05,9,1221
Montgomery,2020-11-06,1,1222
Montgomery,2020-11-07,2,1224
Montgomery,2020-11-08,3,1227
Montgomery,2020-11-09,3,1230
Montgomery,2020-11-10,4,1234
Montgomery,2020-11-11,8,1242
Montgomery,2020-11-12,6,1248
Montgomery,2020-11-13,7,1255
Montgomery,2020-11-14,2,1257
Montgomery,2020-11-15,9,1266
Montgomery,2020-11-16,5,1271
Montgomery,2020-11-17,11,1282
Montgomery,2020-11-18,8,1290
Montgomery,2020-11-19,9,1299
Montgomery,2020-11-20,14,1313
Montgomery,2020-11-21,5,1318
Montgomery,2020-11-22,4,1322
Montgomery,2020-11-23,6,1328
Montgomery,2020-11-24,8,1336
Montgomery,2020-11-25,11,1347
Montgomery,2020-11-26,7,1354
Montgomery,2020-11-27,8,1362
Montgomery,2020-11-28,7,1369
Montgomery,2020-11-29,6,1375
Montgomery,2020-11-30,11,1386
Montgomery,2020-12-01,16,1402
Montgomery,2020-12-02,7,1409
Montgomery,2020-12-03,19,1428
Montgomery,2020-12-04,25,1453
Montgomery,2020-12-05,12,1465
Montgomery,2020-12-06,13,1478
Montgomery,2020-12-07,8,1486
Montgomery,2020-12-08,20,1506
Montgomery,2020-12-09,15,1521
Montgomery,2020-12-10,9,1530
Montgomery,2020-12-11,25,1555
Montgomery,2020-12-12,8,1563
Montgomery,2020-12-13,11,1574
Montgomery,2020-12-14,18,1592
Montgomery,2020-12-15,20,1612
Moore,2020-03-17,1,1
Moore,2020-03-19,1,2
Moore,2020-03-27,1,3
Moore,2020-03-28,1,4
Moore,2020-03-29,3,7
Moore,2020-03-31,2,9
Moore,2020-04-01,2,11
Moore,2020-04-02,1,12
Moore,2020-04-03,1,13
Moore,2020-04-04,1,14
Moore,2020-04-05,2,16
Moore,2020-04-06,2,18
Moore,2020-04-07,29,47
Moore,2020-04-08,23,70
Moore,2020-04-09,8,78
Moore,2020-04-11,1,79
Moore,2020-04-13,1,80
Moore,2020-04-14,1,81
Moore,2020-04-15,3,84
Moore,2020-04-16,1,85
Moore,2020-04-17,3,88
Moore,2020-04-18,1,89
Moore,2020-04-20,3,92
Moore,2020-04-21,2,94
Moore,2020-04-22,3,97
Moore,2020-04-23,3,100
Moore,2020-04-24,9,109
Moore,2020-04-26,1,110
Moore,2020-04-27,3,113
Moore,2020-04-28,6,119
Moore,2020-04-29,4,123
Moore,2020-04-30,8,131
Moore,2020-05-01,5,136
Moore,2020-05-02,1,137
Moore,2020-05-03,1,138
Moore,2020-05-04,6,144
Moore,2020-05-05,7,151
Moore,2020-05-06,3,154
Moore,2020-05-08,4,158
Moore,2020-05-11,4,162
Moore,2020-05-12,2,164
Moore,2020-05-13,1,165
Moore,2020-05-14,1,166
Moore,2020-05-15,2,168
Moore,2020-05-16,1,169
Moore,2020-05-17,1,170
Moore,2020-05-18,5,175
Moore,2020-05-19,3,178
Moore,2020-05-20,9,187
Moore,2020-05-21,2,189
Moore,2020-05-22,9,198
Moore,2020-05-23,1,199
Moore,2020-05-24,1,200
Moore,2020-05-26,11,211
Moore,2020-05-27,2,213
Moore,2020-05-28,7,220
Moore,2020-05-29,5,225
Moore,2020-05-30,4,229
Moore,2020-05-31,4,233
Moore,2020-06-01,3,236
Moore,2020-06-02,5,241
Moore,2020-06-03,4,245
Moore,2020-06-04,3,248
Moore,2020-06-05,2,250
Moore,2020-06-06,4,254
Moore,2020-06-07,7,261
Moore,2020-06-08,2,263
Moore,2020-06-09,5,268
Moore,2020-06-10,13,281
Moore,2020-06-11,13,294
Moore,2020-06-12,9,303
Moore,2020-06-13,8,311
Moore,2020-06-14,15,326
Moore,2020-06-15,2,328
Moore,2020-06-17,8,336
Moore,2020-06-18,6,342
Moore,2020-06-19,15,357
Moore,2020-06-20,8,365
Moore,2020-06-21,5,370
Moore,2020-06-22,5,375
Moore,2020-06-23,4,379
Moore,2020-06-24,18,397
Moore,2020-06-25,13,410
Moore,2020-06-26,15,425
Moore,2020-06-27,19,444
Moore,2020-06-28,9,453
Moore,2020-06-29,25,478
Moore,2020-06-30,27,505
Moore,2020-07-01,17,522
Moore,2020-07-02,13,535
Moore,2020-07-03,14,549
Moore,2020-07-04,7,556
Moore,2020-07-05,3,559
Moore,2020-07-06,4,563
Moore,2020-07-07,35,598
Moore,2020-07-08,17,615
Moore,2020-07-09,6,621
Moore,2020-07-10,22,643
Moore,2020-07-11,21,664
Moore,2020-07-12,4,668
Moore,2020-07-13,3,671
Moore,2020-07-14,10,681
Moore,2020-07-15,10,691
Moore,2020-07-16,18,709
Moore,2020-07-17,15,724
Moore,2020-07-18,7,731
Moore,2020-07-19,9,740
Moore,2020-07-20,3,743
Moore,2020-07-21,11,754
Moore,2020-07-22,21,775
Moore,2020-07-23,15,790
Moore,2020-07-24,15,805
Moore,2020-07-25,8,813
Moore,2020-07-26,13,826
Moore,2020-07-27,22,848
Moore,2020-07-28,8,856
Moore,2020-07-29,8,864
Moore,2020-07-30,21,885
Moore,2020-07-31,11,896
Moore,2020-08-01,19,915
Moore,2020-08-02,13,928
Moore,2020-08-03,11,939
Moore,2020-08-04,16,955
Moore,2020-08-05,18,973
Moore,2020-08-06,9,982
Moore,2020-08-07,20,1002
Moore,2020-08-08,5,1007
Moore,2020-08-09,11,1018
Moore,2020-08-10,6,1024
Moore,2020-08-11,9,1033
Moore,2020-08-12,21,1054
Moore,2020-08-13,15,1069
Moore,2020-08-14,13,1082
Moore,2020-08-15,8,1090
Moore,2020-08-16,11,1101
Moore,2020-08-17,7,1108
Moore,2020-08-18,9,1117
Moore,2020-08-19,15,1132
Moore,2020-08-20,19,1151
Moore,2020-08-21,31,1182
Moore,2020-08-22,31,1213
Moore,2020-08-23,10,1223
Moore,2020-08-24,5,1228
Moore,2020-08-25,7,1235
Moore,2020-08-26,23,1258
Moore,2020-08-27,11,1269
Moore,2020-08-28,12,1281
Moore,2020-08-29,10,1291
Moore,2020-08-30,10,1301
Moore,2020-08-31,9,1310
Moore,2020-09-01,10,1320
Moore,2020-09-02,16,1336
Moore,2020-09-03,16,1352
Moore,2020-09-04,10,1362
Moore,2020-09-05,16,1378
Moore,2020-09-06,16,1394
Moore,2020-09-07,7,1401
Moore,2020-09-08,5,1406
Moore,2020-09-09,7,1413
Moore,2020-09-10,14,1427
Moore,2020-09-11,17,1444
Moore,2020-09-12,10,1454
Moore,2020-09-13,10,1464
Moore,2020-09-14,6,1470
Moore,2020-09-15,7,1477
Moore,2020-09-16,14,1491
Moore,2020-09-17,7,1498
Moore,2020-09-18,16,1514
Moore,2020-09-19,14,1528
Moore,2020-09-20,7,1535
Moore,2020-09-21,7,1542
Moore,2020-09-22,9,1551
Moore,2020-09-23,16,1567
Moore,2020-09-24,10,1577
Moore,2020-09-25,13,1590
Moore,2020-09-26,20,1610
Moore,2020-09-27,19,1629
Moore,2020-09-28,12,1641
Moore,2020-09-29,23,1664
Moore,2020-09-30,22,1686
Moore,2020-10-01,20,1706
Moore,2020-10-02,18,1724
Moore,2020-10-03,18,1742
Moore,2020-10-04,23,1765
Moore,2020-10-05,7,1772
Moore,2020-10-06,19,1791
Moore,2020-10-07,23,1814
Moore,2020-10-08,22,1836
Moore,2020-10-09,29,1865
Moore,2020-10-10,31,1896
Moore,2020-10-11,10,1906
Moore,2020-10-12,15,1921
Moore,2020-10-13,40,1961
Moore,2020-10-14,25,1986
Moore,2020-10-15,18,2004
Moore,2020-10-16,23,2027
Moore,2020-10-17,11,2038
Moore,2020-10-18,11,2049
Moore,2020-10-19,9,2058
Moore,2020-10-20,12,2070
Moore,2020-10-21,23,2093
Moore,2020-10-22,9,2102
Moore,2020-10-23,13,2115
Moore,2020-10-24,10,2125
Moore,2020-10-25,18,2143
Moore,2020-10-26,7,2150
Moore,2020-10-27,14,2164
Moore,2020-10-28,15,2179
Moore,2020-10-29,10,2189
Moore,2020-10-30,9,2198
Moore,2020-10-31,7,2205
Moore,2020-11-01,13,2218
Moore,2020-11-02,10,2228
Moore,2020-11-03,19,2247
Moore,2020-11-04,9,2256
Moore,2020-11-05,14,2270
Moore,2020-11-06,12,2282
Moore,2020-11-07,8,2290
Moore,2020-11-08,9,2299
Moore,2020-11-09,14,2313
Moore,2020-11-10,23,2336
Moore,2020-11-11,26,2362
Moore,2020-11-12,29,2391
Moore,2020-11-13,27,2418
Moore,2020-11-14,20,2438
Moore,2020-11-15,9,2447
Moore,2020-11-16,14,2461
Moore,2020-11-17,19,2480
Moore,2020-11-18,30,2510
Moore,2020-11-19,20,2530
Moore,2020-11-20,21,2551
Moore,2020-11-21,24,2575
Moore,2020-11-22,21,2596
Moore,2020-11-23,22,2618
Moore,2020-11-24,25,2643
Moore,2020-11-25,21,2664
Moore,2020-11-26,21,2685
Moore,2020-11-27,30,2715
Moore,2020-11-28,24,2739
Moore,2020-11-29,19,2758
Moore,2020-11-30,35,2793
Moore,2020-12-01,69,2862
Moore,2020-12-02,52,2914
Moore,2020-12-03,46,2960
Moore,2020-12-04,85,3045
Moore,2020-12-05,45,3090
Moore,2020-12-06,47,3137
Moore,2020-12-07,42,3179
Moore,2020-12-08,59,3238
Moore,2020-12-09,60,3298
Moore,2020-12-10,56,3354
Moore,2020-12-11,45,3399
Moore,2020-12-12,34,3433
Moore,2020-12-13,47,3480
Moore,2020-12-14,49,3529
Moore,2020-12-15,68,3597
Nash,2020-03-19,1,1
Nash,2020-03-21,1,2
Nash,2020-03-23,2,4
Nash,2020-03-29,3,7
Nash,2020-03-30,1,8
Nash,2020-03-31,3,11
Nash,2020-04-02,4,15
Nash,2020-04-03,2,17
Nash,2020-04-04,3,20
Nash,2020-04-05,1,21
Nash,2020-04-07,5,26
Nash,2020-04-08,2,28
Nash,2020-04-09,1,29
Nash,2020-04-10,2,31
Nash,2020-04-11,3,34
Nash,2020-04-12,2,36
Nash,2020-04-13,3,39
Nash,2020-04-14,4,43
Nash,2020-04-15,5,48
Nash,2020-04-16,4,52
Nash,2020-04-17,3,55
Nash,2020-04-18,8,63
Nash,2020-04-19,1,64
Nash,2020-04-20,5,69
Nash,2020-04-21,3,72
Nash,2020-04-22,1,73
Nash,2020-04-23,3,76
Nash,2020-04-24,4,80
Nash,2020-04-25,4,84
Nash,2020-04-26,2,86
Nash,2020-04-27,1,87
Nash,2020-04-28,4,91
Nash,2020-04-29,5,96
Nash,2020-04-30,4,100
Nash,2020-05-02,1,101
Nash,2020-05-03,2,103
Nash,2020-05-04,4,107
Nash,2020-05-05,5,112
Nash,2020-05-06,5,117
Nash,2020-05-07,5,122
Nash,2020-05-08,3,125
Nash,2020-05-09,1,126
Nash,2020-05-10,4,130
Nash,2020-05-11,4,134
Nash,2020-05-12,6,140
Nash,2020-05-13,4,144
Nash,2020-05-14,4,148
Nash,2020-05-15,2,150
Nash,2020-05-16,5,155
Nash,2020-05-17,2,157
Nash,2020-05-19,1,158
Nash,2020-05-20,7,165
Nash,2020-05-21,7,172
Nash,2020-05-22,1,173
Nash,2020-05-23,1,174
Nash,2020-05-24,5,179
Nash,2020-05-25,2,181
Nash,2020-05-26,2,183
Nash,2020-05-27,2,185
Nash,2020-05-28,10,195
Nash,2020-05-29,4,199
Nash,2020-05-30,2,201
Nash,2020-05-31,6,207
Nash,2020-06-01,3,210
Nash,2020-06-02,3,213
Nash,2020-06-03,6,219
Nash,2020-06-04,5,224
Nash,2020-06-05,4,228
Nash,2020-06-06,7,235
Nash,2020-06-07,5,240
Nash,2020-06-08,4,244
Nash,2020-06-09,4,248
Nash,2020-06-10,7,255
Nash,2020-06-11,10,265
Nash,2020-06-12,14,279
Nash,2020-06-13,3,282
Nash,2020-06-14,9,291
Nash,2020-06-15,4,295
Nash,2020-06-16,4,299
Nash,2020-06-17,19,318
Nash,2020-06-18,8,326
Nash,2020-06-19,16,342
Nash,2020-06-20,5,347
Nash,2020-06-21,6,353
Nash,2020-06-22,8,361
Nash,2020-06-23,11,372
Nash,2020-06-24,8,380
Nash,2020-06-25,9,389
Nash,2020-06-26,16,405
Nash,2020-06-27,41,446
Nash,2020-06-28,12,458
Nash,2020-06-29,10,468
Nash,2020-06-30,7,475
Nash,2020-07-01,20,495
Nash,2020-07-02,14,509
Nash,2020-07-03,10,519
Nash,2020-07-04,10,529
Nash,2020-07-05,13,542
Nash,2020-07-06,13,555
Nash,2020-07-07,20,575
Nash,2020-07-08,13,588
Nash,2020-07-09,7,595
Nash,2020-07-10,15,610
Nash,2020-07-11,22,632
Nash,2020-07-12,14,646
Nash,2020-07-13,27,673
Nash,2020-07-14,28,701
Nash,2020-07-15,16,717
Nash,2020-07-16,13,730
Nash,2020-07-17,11,741
Nash,2020-07-18,19,760
Nash,2020-07-19,5,765
Nash,2020-07-20,15,780
Nash,2020-07-21,9,789
Nash,2020-07-22,15,804
Nash,2020-07-23,21,825
Nash,2020-07-24,15,840
Nash,2020-07-25,20,860
Nash,2020-07-26,28,888
Nash,2020-07-27,38,926
Nash,2020-07-28,22,948
Nash,2020-07-29,33,981
Nash,2020-07-30,30,1011
Nash,2020-07-31,22,1033
Nash,2020-08-01,28,1061
Nash,2020-08-02,16,1077
Nash,2020-08-03,20,1097
Nash,2020-08-04,10,1107
Nash,2020-08-05,14,1121
Nash,2020-08-06,21,1142
Nash,2020-08-07,23,1165
Nash,2020-08-08,30,1195
Nash,2020-08-09,12,1207
Nash,2020-08-10,18,1225
Nash,2020-08-11,14,1239
Nash,2020-08-12,45,1284
Nash,2020-08-13,22,1306
Nash,2020-08-14,28,1334
Nash,2020-08-15,13,1347
Nash,2020-08-16,14,1361
Nash,2020-08-17,21,1382
Nash,2020-08-18,11,1393
Nash,2020-08-19,19,1412
Nash,2020-08-20,21,1433
Nash,2020-08-21,27,1460
Nash,2020-08-22,16,1476
Nash,2020-08-23,23,1499
Nash,2020-08-24,23,1522
Nash,2020-08-25,7,1529
Nash,2020-08-26,35,1564
Nash,2020-08-27,50,1614
Nash,2020-08-28,22,1636
Nash,2020-08-29,19,1655
Nash,2020-08-30,18,1673
Nash,2020-08-31,21,1694
Nash,2020-09-01,26,1720
Nash,2020-09-02,23,1743
Nash,2020-09-03,24,1767
Nash,2020-09-04,29,1796
Nash,2020-09-05,16,1812
Nash,2020-09-06,8,1820
Nash,2020-09-07,21,1841
Nash,2020-09-08,9,1850
Nash,2020-09-09,17,1867
Nash,2020-09-10,20,1887
Nash,2020-09-11,27,1914
Nash,2020-09-12,35,1949
Nash,2020-09-13,17,1966
Nash,2020-09-14,15,1981
Nash,2020-09-15,12,1993
Nash,2020-09-16,35,2028
Nash,2020-09-17,41,2069
Nash,2020-09-18,27,2096
Nash,2020-09-19,79,2175
Nash,2020-09-20,13,2188
Nash,2020-09-21,25,2213
Nash,2020-09-22,22,2235
Nash,2020-09-23,41,2276
Nash,2020-09-24,36,2312
Nash,2020-09-25,34,2346
Nash,2020-09-26,24,2370
Nash,2020-09-27,14,2384
Nash,2020-09-28,27,2411
Nash,2020-09-29,16,2427
Nash,2020-09-30,31,2458
Nash,2020-10-01,34,2492
Nash,2020-10-02,42,2534
Nash,2020-10-03,44,2578
Nash,2020-10-04,33,2611
Nash,2020-10-05,24,2635
Nash,2020-10-06,43,2678
Nash,2020-10-07,45,2723
Nash,2020-10-08,33,2756
Nash,2020-10-09,52,2808
Nash,2020-10-10,29,2837
Nash,2020-10-11,17,2854
Nash,2020-10-12,37,2891
Nash,2020-10-13,55,2946
Nash,2020-10-14,46,2992
Nash,2020-10-15,46,3038
Nash,2020-10-16,48,3086
Nash,2020-10-17,29,3115
Nash,2020-10-18,17,3132
Nash,2020-10-19,18,3150
Nash,2020-10-20,26,3176
Nash,2020-10-21,27,3203
Nash,2020-10-22,31,3234
Nash,2020-10-23,28,3262
Nash,2020-10-24,14,3276
Nash,2020-10-25,24,3300
Nash,2020-10-26,24,3324
Nash,2020-10-27,39,3363
Nash,2020-10-28,51,3414
Nash,2020-10-29,40,3454
Nash,2020-10-30,30,3484
Nash,2020-10-31,34,3518
Nash,2020-11-01,14,3532
Nash,2020-11-02,26,3558
Nash,2020-11-03,34,3592
Nash,2020-11-04,28,3620
Nash,2020-11-05,49,3669
Nash,2020-11-06,24,3693
Nash,2020-11-07,18,3711
Nash,2020-11-08,18,3729
Nash,2020-11-09,22,3751
Nash,2020-11-10,31,3782
Nash,2020-11-11,53,3835
Nash,2020-11-12,41,3876
Nash,2020-11-13,16,3892
Nash,2020-11-14,26,3918
Nash,2020-11-15,22,3940
Nash,2020-11-16,46,3986
Nash,2020-11-17,26,4012
Nash,2020-11-18,50,4062
Nash,2020-11-19,37,4099
Nash,2020-11-20,40,4139
Nash,2020-11-21,23,4162
Nash,2020-11-22,14,4176
Nash,2020-11-23,36,4212
Nash,2020-11-24,37,4249
Nash,2020-11-25,37,4286
Nash,2020-11-26,33,4319
Nash,2020-11-27,25,4344
Nash,2020-11-28,32,4376
Nash,2020-11-29,17,4393
Nash,2020-11-30,39,4432
Nash,2020-12-01,33,4465
Nash,2020-12-02,56,4521
Nash,2020-12-03,37,4558
Nash,2020-12-04,51,4609
Nash,2020-12-05,39,4648
Nash,2020-12-06,49,4697
Nash,2020-12-07,30,4727
Nash,2020-12-08,64,4791
Nash,2020-12-09,43,4834
Nash,2020-12-10,92,4926
Nash,2020-12-11,71,4997
Nash,2020-12-12,39,5036
Nash,2020-12-13,31,5067
Nash,2020-12-14,31,5098
Nash,2020-12-15,39,5137
New Hanover,2020-03-18,1,1
New Hanover,2020-03-21,3,4
New Hanover,2020-03-23,2,6
New Hanover,2020-03-24,5,11
New Hanover,2020-03-26,2,13
New Hanover,2020-03-27,5,18
New Hanover,2020-03-29,6,24
New Hanover,2020-03-30,2,26
New Hanover,2020-03-31,3,29
New Hanover,2020-04-01,5,34
New Hanover,2020-04-02,3,37
New Hanover,2020-04-04,1,38
New Hanover,2020-04-05,6,44
New Hanover,2020-04-06,1,45
New Hanover,2020-04-07,2,47
New Hanover,2020-04-08,1,48
New Hanover,2020-04-09,1,49
New Hanover,2020-04-10,1,50
New Hanover,2020-04-11,2,52
New Hanover,2020-04-12,1,53
New Hanover,2020-04-13,1,54
New Hanover,2020-04-14,1,55
New Hanover,2020-04-15,1,56
New Hanover,2020-04-16,4,60
New Hanover,2020-04-17,1,61
New Hanover,2020-04-20,1,62
New Hanover,2020-04-21,1,63
New Hanover,2020-04-22,2,65
New Hanover,2020-04-23,2,67
New Hanover,2020-04-24,3,70
New Hanover,2020-04-25,1,71
New Hanover,2020-04-26,1,72
New Hanover,2020-04-28,2,74
New Hanover,2020-04-29,1,75
New Hanover,2020-05-01,3,78
New Hanover,2020-05-02,2,80
New Hanover,2020-05-03,2,82
New Hanover,2020-05-04,3,85
New Hanover,2020-05-05,4,89
New Hanover,2020-05-06,4,93
New Hanover,2020-05-07,3,96
New Hanover,2020-05-08,2,98
New Hanover,2020-05-09,6,104
New Hanover,2020-05-10,6,110
New Hanover,2020-05-11,1,111
New Hanover,2020-05-12,1,112
New Hanover,2020-05-13,5,117
New Hanover,2020-05-14,1,118
New Hanover,2020-05-15,3,121
New Hanover,2020-05-16,9,130
New Hanover,2020-05-17,2,132
New Hanover,2020-05-18,2,134
New Hanover,2020-05-19,3,137
New Hanover,2020-05-20,4,141
New Hanover,2020-05-22,5,146
New Hanover,2020-05-23,6,152
New Hanover,2020-05-24,4,156
New Hanover,2020-05-25,2,158
New Hanover,2020-05-26,8,166
New Hanover,2020-05-27,1,167
New Hanover,2020-05-28,17,184
New Hanover,2020-05-29,5,189
New Hanover,2020-05-30,7,196
New Hanover,2020-05-31,1,197
New Hanover,2020-06-01,5,202
New Hanover,2020-06-02,11,213
New Hanover,2020-06-03,10,223
New Hanover,2020-06-04,15,238
New Hanover,2020-06-05,15,253
New Hanover,2020-06-06,8,261
New Hanover,2020-06-07,7,268
New Hanover,2020-06-08,7,275
New Hanover,2020-06-09,10,285
New Hanover,2020-06-10,14,299
New Hanover,2020-06-11,19,318
New Hanover,2020-06-12,29,347
New Hanover,2020-06-13,16,363
New Hanover,2020-06-14,24,387
New Hanover,2020-06-15,22,409
New Hanover,2020-06-16,11,420
New Hanover,2020-06-17,32,452
New Hanover,2020-06-18,40,492
New Hanover,2020-06-19,40,532
New Hanover,2020-06-20,27,559
New Hanover,2020-06-21,16,575
New Hanover,2020-06-22,37,612
New Hanover,2020-06-23,42,654
New Hanover,2020-06-24,63,717
New Hanover,2020-06-25,36,753
New Hanover,2020-06-26,48,801
New Hanover,2020-06-27,45,846
New Hanover,2020-06-28,31,877
New Hanover,2020-06-29,46,923
New Hanover,2020-06-30,46,969
New Hanover,2020-07-01,65,1034
New Hanover,2020-07-02,58,1092
New Hanover,2020-07-03,41,1133
New Hanover,2020-07-04,27,1160
New Hanover,2020-07-05,26,1186
New Hanover,2020-07-06,35,1221
New Hanover,2020-07-07,77,1298
New Hanover,2020-07-08,57,1355
New Hanover,2020-07-09,41,1396
New Hanover,2020-07-10,56,1452
New Hanover,2020-07-11,48,1500
New Hanover,2020-07-12,43,1543
New Hanover,2020-07-13,61,1604
New Hanover,2020-07-14,45,1649
New Hanover,2020-07-15,39,1688
New Hanover,2020-07-16,35,1723
New Hanover,2020-07-17,55,1778
New Hanover,2020-07-18,43,1821
New Hanover,2020-07-19,11,1832
New Hanover,2020-07-20,50,1882
New Hanover,2020-07-21,32,1914
New Hanover,2020-07-22,40,1954
New Hanover,2020-07-23,32,1986
New Hanover,2020-07-24,46,2032
New Hanover,2020-07-25,43,2075
New Hanover,2020-07-26,31,2106
New Hanover,2020-07-27,36,2142
New Hanover,2020-07-28,44,2186
New Hanover,2020-07-29,60,2246
New Hanover,2020-07-30,20,2266
New Hanover,2020-07-31,48,2314
New Hanover,2020-08-01,18,2332
New Hanover,2020-08-02,30,2362
New Hanover,2020-08-03,29,2391
New Hanover,2020-08-04,15,2406
New Hanover,2020-08-05,28,2434
New Hanover,2020-08-06,27,2461
New Hanover,2020-08-07,38,2499
New Hanover,2020-08-08,22,2521
New Hanover,2020-08-09,16,2537
New Hanover,2020-08-10,37,2574
New Hanover,2020-08-11,31,2605
New Hanover,2020-08-12,33,2638
New Hanover,2020-08-13,19,2657
New Hanover,2020-08-14,27,2684
New Hanover,2020-08-15,13,2697
New Hanover,2020-08-16,6,2703
New Hanover,2020-08-17,16,2719
New Hanover,2020-08-18,22,2741
New Hanover,2020-08-19,28,2769
New Hanover,2020-08-20,23,2792
New Hanover,2020-08-21,25,2817
New Hanover,2020-08-22,9,2826
New Hanover,2020-08-23,15,2841
New Hanover,2020-08-24,18,2859
New Hanover,2020-08-25,14,2873
New Hanover,2020-08-26,21,2894
New Hanover,2020-08-27,35,2929
New Hanover,2020-08-28,37,2966
New Hanover,2020-08-29,51,3017
New Hanover,2020-08-30,28,3045
New Hanover,2020-08-31,56,3101
New Hanover,2020-09-01,30,3131
New Hanover,2020-09-02,55,3186
New Hanover,2020-09-03,91,3277
New Hanover,2020-09-04,42,3319
New Hanover,2020-09-05,72,3391
New Hanover,2020-09-06,45,3436
New Hanover,2020-09-07,38,3474
New Hanover,2020-09-08,15,3489
New Hanover,2020-09-09,65,3554
New Hanover,2020-09-10,27,3581
New Hanover,2020-09-11,44,3625
New Hanover,2020-09-12,37,3662
New Hanover,2020-09-13,25,3687
New Hanover,2020-09-14,31,3718
New Hanover,2020-09-15,31,3749
New Hanover,2020-09-16,42,3791
New Hanover,2020-09-17,28,3819
New Hanover,2020-09-18,45,3864
New Hanover,2020-09-19,30,3894
New Hanover,2020-09-20,9,3903
New Hanover,2020-09-21,19,3922
New Hanover,2020-09-22,14,3936
New Hanover,2020-09-23,17,3953
New Hanover,2020-09-24,27,3980
New Hanover,2020-09-25,34,4014
New Hanover,2020-09-26,35,4049
New Hanover,2020-09-27,11,4060
New Hanover,2020-09-28,20,4080
New Hanover,2020-09-29,17,4097
New Hanover,2020-09-30,28,4125
New Hanover,2020-10-01,32,4157
New Hanover,2020-10-02,25,4182
New Hanover,2020-10-03,27,4209
New Hanover,2020-10-04,14,4223
New Hanover,2020-10-05,18,4241
New Hanover,2020-10-06,27,4268
New Hanover,2020-10-07,42,4310
New Hanover,2020-10-08,24,4334
New Hanover,2020-10-09,20,4354
New Hanover,2020-10-10,31,4385
New Hanover,2020-10-11,13,4398
New Hanover,2020-10-12,26,4424
New Hanover,2020-10-13,22,4446
New Hanover,2020-10-14,28,4474
New Hanover,2020-10-15,44,4518
New Hanover,2020-10-16,25,4543
New Hanover,2020-10-17,42,4585
New Hanover,2020-10-18,16,4601
New Hanover,2020-10-19,31,4632
New Hanover,2020-10-20,32,4664
New Hanover,2020-10-21,41,4705
New Hanover,2020-10-22,24,4729
New Hanover,2020-10-23,30,4759
New Hanover,2020-10-24,43,4802
New Hanover,2020-10-25,25,4827
New Hanover,2020-10-26,35,4862
New Hanover,2020-10-27,30,4892
New Hanover,2020-10-28,46,4938
New Hanover,2020-10-29,28,4966
New Hanover,2020-10-30,69,5035
New Hanover,2020-10-31,36,5071
New Hanover,2020-11-01,17,5088
New Hanover,2020-11-02,27,5115
New Hanover,2020-11-03,29,5144
New Hanover,2020-11-04,58,5202
New Hanover,2020-11-05,41,5243
New Hanover,2020-11-06,46,5289
New Hanover,2020-11-07,35,5324
New Hanover,2020-11-08,26,5350
New Hanover,2020-11-09,33,5383
New Hanover,2020-11-10,45,5428
New Hanover,2020-11-11,64,5492
New Hanover,2020-11-12,71,5563
New Hanover,2020-11-13,60,5623
New Hanover,2020-11-14,38,5661
New Hanover,2020-11-15,26,5687
New Hanover,2020-11-16,41,5728
New Hanover,2020-11-17,42,5770
New Hanover,2020-11-18,70,5840
New Hanover,2020-11-19,55,5895
New Hanover,2020-11-20,37,5932
New Hanover,2020-11-21,37,5969
New Hanover,2020-11-22,39,6008
New Hanover,2020-11-23,36,6044
New Hanover,2020-11-24,47,6091
New Hanover,2020-11-25,50,6141
New Hanover,2020-11-26,31,6172
New Hanover,2020-11-27,45,6217
New Hanover,2020-11-28,47,6264
New Hanover,2020-11-29,41,6305
New Hanover,2020-11-30,46,6351
New Hanover,2020-12-01,86,6437
New Hanover,2020-12-02,65,6502
New Hanover,2020-12-03,72,6574
New Hanover,2020-12-04,62,6636
New Hanover,2020-12-05,62,6698
New Hanover,2020-12-06,48,6746
New Hanover,2020-12-07,65,6811
New Hanover,2020-12-08,79,6890
New Hanover,2020-12-09,132,7022
New Hanover,2020-12-10,79,7101
New Hanover,2020-12-11,57,7158
New Hanover,2020-12-12,57,7215
New Hanover,2020-12-13,39,7254
New Hanover,2020-12-14,59,7313
New Hanover,2020-12-15,57,7370
Northampton,2020-03-23,1,1
Northampton,2020-03-24,2,3
Northampton,2020-03-25,1,4
Northampton,2020-03-26,2,6
Northampton,2020-03-27,1,7
Northampton,2020-03-28,20,27
Northampton,2020-03-29,4,31
Northampton,2020-03-30,1,32
Northampton,2020-04-02,4,36
Northampton,2020-04-03,2,38
Northampton,2020-04-04,10,48
Northampton,2020-04-05,2,50
Northampton,2020-04-06,4,54
Northampton,2020-04-08,3,57
Northampton,2020-04-09,5,62
Northampton,2020-04-10,1,63
Northampton,2020-04-13,1,64
Northampton,2020-04-14,1,65
Northampton,2020-04-15,2,67
Northampton,2020-04-17,1,68
Northampton,2020-04-18,2,70
Northampton,2020-04-20,1,71
Northampton,2020-04-22,2,73
Northampton,2020-04-23,4,77
Northampton,2020-04-24,1,78
Northampton,2020-04-26,1,79
Northampton,2020-04-27,1,80
Northampton,2020-04-29,1,81
Northampton,2020-04-30,3,84
Northampton,2020-05-01,2,86
Northampton,2020-05-02,1,87
Northampton,2020-05-03,3,90
Northampton,2020-05-04,4,94
Northampton,2020-05-05,17,111
Northampton,2020-05-06,3,114
Northampton,2020-05-07,1,115
Northampton,2020-05-08,3,118
Northampton,2020-05-09,1,119
Northampton,2020-05-10,2,121
Northampton,2020-05-13,3,124
Northampton,2020-05-14,1,125
Northampton,2020-05-15,2,127
Northampton,2020-05-19,1,128
Northampton,2020-05-20,3,131
Northampton,2020-05-21,1,132
Northampton,2020-05-22,3,135
Northampton,2020-05-23,2,137
Northampton,2020-05-24,2,139
Northampton,2020-05-25,2,141
Northampton,2020-05-26,1,142
Northampton,2020-05-28,3,145
Northampton,2020-05-29,2,147
Northampton,2020-05-31,1,148
Northampton,2020-06-01,3,151
Northampton,2020-06-02,1,152
Northampton,2020-06-03,2,154
Northampton,2020-06-05,1,155
Northampton,2020-06-07,1,156
Northampton,2020-06-08,2,158
Northampton,2020-06-09,1,159
Northampton,2020-06-10,1,160
Northampton,2020-06-11,2,162
Northampton,2020-06-12,2,164
Northampton,2020-06-14,3,167
Northampton,2020-06-15,1,168
Northampton,2020-06-16,2,170
Northampton,2020-06-17,1,171
Northampton,2020-06-18,1,172
Northampton,2020-06-19,1,173
Northampton,2020-06-20,1,174
Northampton,2020-06-21,1,175
Northampton,2020-06-23,1,176
Northampton,2020-06-27,1,177
Northampton,2020-06-28,1,178
Northampton,2020-06-29,1,179
Northampton,2020-06-30,2,181
Northampton,2020-07-01,3,184
Northampton,2020-07-02,2,186
Northampton,2020-07-03,1,187
Northampton,2020-07-04,1,188
Northampton,2020-07-05,1,189
Northampton,2020-07-07,1,190
Northampton,2020-07-08,4,194
Northampton,2020-07-10,2,196
Northampton,2020-07-11,2,198
Northampton,2020-07-12,2,200
Northampton,2020-07-13,3,203
Northampton,2020-07-14,3,206
Northampton,2020-07-15,6,212
Northampton,2020-07-16,7,219
Northampton,2020-07-17,16,235
Northampton,2020-07-18,4,239
Northampton,2020-07-19,1,240
Northampton,2020-07-20,1,241
Northampton,2020-07-21,2,243
Northampton,2020-07-22,7,250
Northampton,2020-07-23,9,259
Northampton,2020-07-24,4,263
Northampton,2020-07-25,3,266
Northampton,2020-07-27,3,269
Northampton,2020-07-28,2,271
Northampton,2020-07-29,5,276
Northampton,2020-07-30,5,281
Northampton,2020-08-01,7,288
Northampton,2020-08-02,2,290
Northampton,2020-08-03,1,291
Northampton,2020-08-04,4,295
Northampton,2020-08-05,2,297
Northampton,2020-08-06,1,298
Northampton,2020-08-07,13,311
Northampton,2020-08-08,1,312
Northampton,2020-08-09,2,314
Northampton,2020-08-10,1,315
Northampton,2020-08-11,1,316
Northampton,2020-08-12,4,320
Northampton,2020-08-13,5,325
Northampton,2020-08-14,0,325
Northampton,2020-08-15,1,326
Northampton,2020-08-17,2,328
Northampton,2020-08-18,2,330
Northampton,2020-08-19,1,331
Northampton,2020-08-20,3,334
Northampton,2020-08-21,3,337
Northampton,2020-08-23,2,339
Northampton,2020-08-24,1,340
Northampton,2020-08-25,1,341
Northampton,2020-08-26,3,344
Northampton,2020-08-29,2,346
Northampton,2020-08-31,2,348
Northampton,2020-09-01,1,349
Northampton,2020-09-02,1,350
Northampton,2020-09-03,3,353
Northampton,2020-09-04,2,355
Northampton,2020-09-05,3,358
Northampton,2020-09-06,1,359
Northampton,2020-09-07,2,361
Northampton,2020-09-08,4,365
Northampton,2020-09-09,5,370
Northampton,2020-09-10,9,379
Northampton,2020-09-11,1,380
Northampton,2020-09-12,5,385
Northampton,2020-09-13,7,392
Northampton,2020-09-14,2,394
Northampton,2020-09-15,3,397
Northampton,2020-09-16,7,404
Northampton,2020-09-17,0,404
Northampton,2020-09-18,4,408
Northampton,2020-09-19,2,410
Northampton,2020-09-21,4,414
Northampton,2020-09-22,1,415
Northampton,2020-09-23,2,417
Northampton,2020-09-24,4,421
Northampton,2020-09-25,2,423
Northampton,2020-09-27,3,426
Northampton,2020-09-28,2,428
Northampton,2020-09-29,3,431
Northampton,2020-09-30,4,435
Northampton,2020-10-01,4,439
Northampton,2020-10-02,3,442
Northampton,2020-10-03,1,443
Northampton,2020-10-04,6,449
Northampton,2020-10-05,1,450
Northampton,2020-10-06,8,458
Northampton,2020-10-07,3,461
Northampton,2020-10-08,3,464
Northampton,2020-10-09,4,468
Northampton,2020-10-10,1,469
Northampton,2020-10-11,1,470
Northampton,2020-10-12,4,474
Northampton,2020-10-13,2,476
Northampton,2020-10-14,0,476
Northampton,2020-10-15,4,480
Northampton,2020-10-16,6,486
Northampton,2020-10-17,4,490
Northampton,2020-10-18,1,491
Northampton,2020-10-19,1,492
Northampton,2020-10-20,6,498
Northampton,2020-10-21,13,511
Northampton,2020-10-22,5,516
Northampton,2020-10-23,3,519
Northampton,2020-10-24,1,520
Northampton,2020-10-25,5,525
Northampton,2020-10-26,2,527
Northampton,2020-10-27,4,531
Northampton,2020-10-28,7,538
Northampton,2020-10-29,3,541
Northampton,2020-10-31,7,548
Northampton,2020-11-01,3,551
Northampton,2020-11-02,11,562
Northampton,2020-11-03,7,569
Northampton,2020-11-04,6,575
Northampton,2020-11-05,7,582
Northampton,2020-11-06,3,585
Northampton,2020-11-07,10,595
Northampton,2020-11-08,7,602
Northampton,2020-11-09,2,604
Northampton,2020-11-10,4,608
Northampton,2020-11-11,8,616
Northampton,2020-11-12,7,623
Northampton,2020-11-13,4,627
Northampton,2020-11-14,7,634
Northampton,2020-11-15,1,635
Northampton,2020-11-16,9,644
Northampton,2020-11-17,4,648
Northampton,2020-11-18,34,682
Northampton,2020-11-19,11,693
Northampton,2020-11-20,5,698
Northampton,2020-11-21,8,706
Northampton,2020-11-22,17,723
Northampton,2020-11-23,10,733
Northampton,2020-11-24,12,745
Northampton,2020-11-25,8,753
Northampton,2020-11-26,1,754
Northampton,2020-11-27,3,757
Northampton,2020-11-28,5,762
Northampton,2020-11-29,10,772
Northampton,2020-11-30,5,777
Northampton,2020-12-01,10,787
Northampton,2020-12-02,6,793
Northampton,2020-12-03,9,802
Northampton,2020-12-04,10,812
Northampton,2020-12-05,5,817
Northampton,2020-12-06,3,820
Northampton,2020-12-07,4,824
Northampton,2020-12-08,5,829
Northampton,2020-12-09,5,834
Northampton,2020-12-10,6,840
Northampton,2020-12-11,6,846
Northampton,2020-12-12,5,851
Northampton,2020-12-13,4,855
Northampton,2020-12-14,6,861
Northampton,2020-12-15,10,871
Onslow,2020-03-11,1,1
Onslow,2020-03-21,2,3
Onslow,2020-03-23,1,4
Onslow,2020-03-25,1,5
Onslow,2020-03-30,2,7
Onslow,2020-03-31,1,8
Onslow,2020-04-01,1,9
Onslow,2020-04-02,1,10
Onslow,2020-04-03,3,13
Onslow,2020-04-04,1,14
Onslow,2020-04-05,3,17
Onslow,2020-04-06,5,22
Onslow,2020-04-08,5,27
Onslow,2020-04-09,1,28
Onslow,2020-04-10,2,30
Onslow,2020-04-12,1,31
Onslow,2020-04-13,1,32
Onslow,2020-04-16,1,33
Onslow,2020-04-17,1,34
Onslow,2020-04-23,4,38
Onslow,2020-04-24,1,39
Onslow,2020-04-27,1,40
Onslow,2020-04-28,1,41
Onslow,2020-04-29,1,42
Onslow,2020-04-30,1,43
Onslow,2020-05-01,3,46
Onslow,2020-05-04,1,47
Onslow,2020-05-05,1,48
Onslow,2020-05-06,2,50
Onslow,2020-05-07,2,52
Onslow,2020-05-10,2,54
Onslow,2020-05-11,1,55
Onslow,2020-05-12,3,58
Onslow,2020-05-13,4,62
Onslow,2020-05-14,3,65
Onslow,2020-05-15,4,69
Onslow,2020-05-16,3,72
Onslow,2020-05-17,1,73
Onslow,2020-05-18,5,78
Onslow,2020-05-20,1,79
Onslow,2020-05-21,4,83
Onslow,2020-05-22,5,88
Onslow,2020-05-23,3,91
Onslow,2020-05-25,3,94
Onslow,2020-05-27,1,95
Onslow,2020-05-28,2,97
Onslow,2020-05-29,5,102
Onslow,2020-05-30,4,106
Onslow,2020-05-31,2,108
Onslow,2020-06-01,1,109
Onslow,2020-06-02,1,110
Onslow,2020-06-03,1,111
Onslow,2020-06-04,4,115
Onslow,2020-06-05,4,119
Onslow,2020-06-06,10,129
Onslow,2020-06-07,2,131
Onslow,2020-06-08,1,132
Onslow,2020-06-09,7,139
Onslow,2020-06-10,2,141
Onslow,2020-06-11,3,144
Onslow,2020-06-12,8,152
Onslow,2020-06-13,6,158
Onslow,2020-06-14,2,160
Onslow,2020-06-15,2,162
Onslow,2020-06-16,8,170
Onslow,2020-06-17,9,179
Onslow,2020-06-18,7,186
Onslow,2020-06-19,14,200
Onslow,2020-06-20,5,205
Onslow,2020-06-21,6,211
Onslow,2020-06-22,9,220
Onslow,2020-06-23,7,227
Onslow,2020-06-24,3,230
Onslow,2020-06-25,20,250
Onslow,2020-06-26,14,264
Onslow,2020-06-27,9,273
Onslow,2020-06-28,16,289
Onslow,2020-06-29,2,291
Onslow,2020-06-30,18,309
Onslow,2020-07-01,9,318
Onslow,2020-07-02,15,333
Onslow,2020-07-03,12,345
Onslow,2020-07-04,7,352
Onslow,2020-07-05,5,357
Onslow,2020-07-06,17,374
Onslow,2020-07-07,17,391
Onslow,2020-07-08,16,407
Onslow,2020-07-09,17,424
Onslow,2020-07-10,27,451
Onslow,2020-07-11,15,466
Onslow,2020-07-12,8,474
Onslow,2020-07-13,29,503
Onslow,2020-07-14,28,531
Onslow,2020-07-15,13,544
Onslow,2020-07-16,23,567
Onslow,2020-07-17,28,595
Onslow,2020-07-18,10,605
Onslow,2020-07-19,13,618
Onslow,2020-07-20,42,660
Onslow,2020-07-21,24,684
Onslow,2020-07-22,26,710
Onslow,2020-07-23,31,741
Onslow,2020-07-24,40,781
Onslow,2020-07-25,8,789
Onslow,2020-07-26,15,804
Onslow,2020-07-27,26,830
Onslow,2020-07-28,15,845
Onslow,2020-07-29,25,870
Onslow,2020-07-30,27,897
Onslow,2020-07-31,11,908
Onslow,2020-08-01,24,932
Onslow,2020-08-02,15,947
Onslow,2020-08-03,23,970
Onslow,2020-08-04,21,991
Onslow,2020-08-05,24,1015
Onslow,2020-08-06,19,1034
Onslow,2020-08-07,32,1066
Onslow,2020-08-08,30,1096
Onslow,2020-08-09,10,1106
Onslow,2020-08-10,17,1123
Onslow,2020-08-11,14,1137
Onslow,2020-08-12,17,1154
Onslow,2020-08-13,26,1180
Onslow,2020-08-14,16,1196
Onslow,2020-08-15,22,1218
Onslow,2020-08-16,14,1232
Onslow,2020-08-17,9,1241
Onslow,2020-08-18,13,1254
Onslow,2020-08-19,37,1291
Onslow,2020-08-20,34,1325
Onslow,2020-08-21,7,1332
Onslow,2020-08-22,16,1348
Onslow,2020-08-23,21,1369
Onslow,2020-08-24,25,1394
Onslow,2020-08-25,15,1409
Onslow,2020-08-26,17,1426
Onslow,2020-08-27,32,1458
Onslow,2020-08-28,22,1480
Onslow,2020-08-29,8,1488
Onslow,2020-08-30,18,1506
Onslow,2020-08-31,17,1523
Onslow,2020-09-01,6,1529
Onslow,2020-09-02,25,1554
Onslow,2020-09-03,32,1586
Onslow,2020-09-04,25,1611
Onslow,2020-09-05,14,1625
Onslow,2020-09-06,12,1637
Onslow,2020-09-07,6,1643
Onslow,2020-09-08,4,1647
Onslow,2020-09-09,10,1657
Onslow,2020-09-10,16,1673
Onslow,2020-09-11,24,1697
Onslow,2020-09-12,25,1722
Onslow,2020-09-13,6,1728
Onslow,2020-09-14,7,1735
Onslow,2020-09-15,23,1758
Onslow,2020-09-16,24,1782
Onslow,2020-09-17,33,1815
Onslow,2020-09-18,26,1841
Onslow,2020-09-19,20,1861
Onslow,2020-09-20,17,1878
Onslow,2020-09-21,14,1892
Onslow,2020-09-22,7,1899
Onslow,2020-09-23,34,1933
Onslow,2020-09-24,31,1964
Onslow,2020-09-25,26,1990
Onslow,2020-09-26,22,2012
Onslow,2020-09-27,15,2027
Onslow,2020-09-28,9,2036
Onslow,2020-09-29,9,2045
Onslow,2020-09-30,34,2079
Onslow,2020-10-01,30,2109
Onslow,2020-10-02,25,2134
Onslow,2020-10-03,28,2162
Onslow,2020-10-04,22,2184
Onslow,2020-10-05,12,2196
Onslow,2020-10-06,33,2229
Onslow,2020-10-07,29,2258
Onslow,2020-10-08,38,2296
Onslow,2020-10-09,55,2351
Onslow,2020-10-10,20,2371
Onslow,2020-10-11,30,2401
Onslow,2020-10-12,58,2459
Onslow,2020-10-13,21,2480
Onslow,2020-10-14,38,2518
Onslow,2020-10-15,42,2560
Onslow,2020-10-16,20,2580
Onslow,2020-10-17,27,2607
Onslow,2020-10-18,23,2630
Onslow,2020-10-19,38,2668
Onslow,2020-10-20,45,2713
Onslow,2020-10-21,24,2737
Onslow,2020-10-22,30,2767
Onslow,2020-10-23,60,2827
Onslow,2020-10-24,15,2842
Onslow,2020-10-25,33,2875
Onslow,2020-10-26,31,2906
Onslow,2020-10-27,42,2948
Onslow,2020-10-28,54,3002
Onslow,2020-10-29,46,3048
Onslow,2020-10-30,49,3097
Onslow,2020-10-31,44,3141
Onslow,2020-11-01,18,3159
Onslow,2020-11-02,42,3201
Onslow,2020-11-03,55,3256
Onslow,2020-11-04,31,3287
Onslow,2020-11-05,44,3331
Onslow,2020-11-06,47,3378
Onslow,2020-11-07,40,3418
Onslow,2020-11-08,25,3443
Onslow,2020-11-09,22,3465
Onslow,2020-11-10,48,3513
Onslow,2020-11-11,40,3553
Onslow,2020-11-12,35,3588
Onslow,2020-11-13,69,3657
Onslow,2020-11-14,58,3715
Onslow,2020-11-15,29,3744
Onslow,2020-11-16,133,3877
Onslow,2020-11-17,61,3938
Onslow,2020-11-18,57,3995
Onslow,2020-11-19,81,4076
Onslow,2020-11-20,90,4166
Onslow,2020-11-21,57,4223
Onslow,2020-11-22,59,4282
Onslow,2020-11-23,57,4339
Onslow,2020-11-24,75,4414
Onslow,2020-11-25,85,4499
Onslow,2020-11-26,47,4546
Onslow,2020-11-27,101,4647
Onslow,2020-11-28,71,4718
Onslow,2020-11-29,50,4768
Onslow,2020-11-30,63,4831
Onslow,2020-12-01,115,4946
Onslow,2020-12-02,93,5039
Onslow,2020-12-03,95,5134
Onslow,2020-12-04,96,5230
Onslow,2020-12-05,66,5296
Onslow,2020-12-06,156,5452
Onslow,2020-12-07,69,5521
Onslow,2020-12-08,109,5630
Onslow,2020-12-09,141,5771
Onslow,2020-12-10,86,5857
Onslow,2020-12-11,78,5935
Onslow,2020-12-12,58,5993
Onslow,2020-12-13,24,6017
Onslow,2020-12-14,23,6040
Onslow,2020-12-15,36,6076
Orange,2020-03-19,4,4
Orange,2020-03-20,2,6
Orange,2020-03-21,1,7
Orange,2020-03-22,2,9
Orange,2020-03-23,5,14
Orange,2020-03-24,2,16
Orange,2020-03-25,6,22
Orange,2020-03-26,5,27
Orange,2020-03-27,1,28
Orange,2020-03-28,1,29
Orange,2020-03-29,2,31
Orange,2020-03-30,4,35
Orange,2020-03-31,2,37
Orange,2020-04-01,6,43
Orange,2020-04-02,6,49
Orange,2020-04-03,7,56
Orange,2020-04-04,3,59
Orange,2020-04-05,10,69
Orange,2020-04-06,5,74
Orange,2020-04-07,50,124
Orange,2020-04-08,1,125
Orange,2020-04-09,35,160
Orange,2020-04-10,3,163
Orange,2020-04-11,4,167
Orange,2020-04-12,3,170
Orange,2020-04-13,1,171
Orange,2020-04-14,7,178
Orange,2020-04-15,10,188
Orange,2020-04-16,16,204
Orange,2020-04-17,2,206
Orange,2020-04-18,2,208
Orange,2020-04-20,2,210
Orange,2020-04-21,9,219
Orange,2020-04-22,4,223
Orange,2020-04-23,4,227
Orange,2020-04-24,1,228
Orange,2020-04-25,2,230
Orange,2020-04-26,1,231
Orange,2020-04-27,4,235
Orange,2020-04-28,1,236
Orange,2020-04-29,3,239
Orange,2020-04-30,1,240
Orange,2020-05-01,4,244
Orange,2020-05-02,4,248
Orange,2020-05-03,3,251
Orange,2020-05-05,4,255
Orange,2020-05-06,5,260
Orange,2020-05-07,4,264
Orange,2020-05-08,3,267
Orange,2020-05-09,3,270
Orange,2020-05-10,1,271
Orange,2020-05-11,3,274
Orange,2020-05-12,5,279
Orange,2020-05-13,3,282
Orange,2020-05-14,2,284
Orange,2020-05-15,3,287
Orange,2020-05-16,2,289
Orange,2020-05-17,5,294
Orange,2020-05-18,4,298
Orange,2020-05-19,4,302
Orange,2020-05-20,2,304
Orange,2020-05-22,3,307
Orange,2020-05-23,4,311
Orange,2020-05-24,1,312
Orange,2020-05-25,4,316
Orange,2020-05-26,4,320
Orange,2020-05-27,7,327
Orange,2020-05-28,5,332
Orange,2020-05-29,5,337
Orange,2020-05-30,11,348
Orange,2020-05-31,4,352
Orange,2020-06-01,4,356
Orange,2020-06-02,11,367
Orange,2020-06-03,6,373
Orange,2020-06-04,7,380
Orange,2020-06-05,5,385
Orange,2020-06-06,9,394
Orange,2020-06-07,9,403
Orange,2020-06-08,7,410
Orange,2020-06-09,11,421
Orange,2020-06-10,12,433
Orange,2020-06-11,9,442
Orange,2020-06-12,11,453
Orange,2020-06-13,15,468
Orange,2020-06-14,3,471
Orange,2020-06-15,9,480
Orange,2020-06-16,10,490
Orange,2020-06-17,10,500
Orange,2020-06-18,18,518
Orange,2020-06-19,7,525
Orange,2020-06-20,16,541
Orange,2020-06-21,10,551
Orange,2020-06-22,13,564
Orange,2020-06-23,12,576
Orange,2020-06-24,12,588
Orange,2020-06-25,22,610
Orange,2020-06-26,25,635
Orange,2020-06-27,16,651
Orange,2020-06-28,12,663
Orange,2020-06-29,15,678
Orange,2020-06-30,32,710
Orange,2020-07-01,29,739
Orange,2020-07-02,31,770
Orange,2020-07-03,41,811
Orange,2020-07-04,24,835
Orange,2020-07-05,8,843
Orange,2020-07-06,7,850
Orange,2020-07-07,30,880
Orange,2020-07-08,21,901
Orange,2020-07-09,31,932
Orange,2020-07-10,19,951
Orange,2020-07-11,22,973
Orange,2020-07-12,17,990
Orange,2020-07-13,24,1014
Orange,2020-07-14,20,1034
Orange,2020-07-15,16,1050
Orange,2020-07-16,29,1079
Orange,2020-07-17,18,1097
Orange,2020-07-18,10,1107
Orange,2020-07-19,6,1113
Orange,2020-07-20,12,1125
Orange,2020-07-21,10,1135
Orange,2020-07-22,30,1165
Orange,2020-07-23,22,1187
Orange,2020-07-24,17,1204
Orange,2020-07-25,16,1220
Orange,2020-07-26,9,1229
Orange,2020-07-27,16,1245
Orange,2020-07-28,10,1255
Orange,2020-07-29,13,1268
Orange,2020-07-30,14,1282
Orange,2020-07-31,8,1290
Orange,2020-08-01,3,1293
Orange,2020-08-02,4,1297
Orange,2020-08-03,11,1308
Orange,2020-08-04,9,1317
Orange,2020-08-05,13,1330
Orange,2020-08-06,19,1349
Orange,2020-08-07,4,1353
Orange,2020-08-08,9,1362
Orange,2020-08-09,4,1366
Orange,2020-08-10,10,1376
Orange,2020-08-11,16,1392
Orange,2020-08-12,23,1415
Orange,2020-08-13,22,1437
Orange,2020-08-14,26,1463
Orange,2020-08-15,41,1504
Orange,2020-08-16,37,1541
Orange,2020-08-17,48,1589
Orange,2020-08-18,75,1664
Orange,2020-08-19,112,1776
Orange,2020-08-20,94,1870
Orange,2020-08-21,92,1962
Orange,2020-08-22,93,2055
Orange,2020-08-23,65,2120
Orange,2020-08-24,56,2176
Orange,2020-08-25,60,2236
Orange,2020-08-26,33,2269
Orange,2020-08-27,38,2307
Orange,2020-08-28,20,2327
Orange,2020-08-29,31,2358
Orange,2020-08-30,16,2374
Orange,2020-08-31,13,2387
Orange,2020-09-01,17,2404
Orange,2020-09-02,24,2428
Orange,2020-09-03,10,2438
Orange,2020-09-04,31,2469
Orange,2020-09-05,11,2480
Orange,2020-09-06,5,2485
Orange,2020-09-07,7,2492
Orange,2020-09-08,7,2499
Orange,2020-09-09,19,2518
Orange,2020-09-10,19,2537
Orange,2020-09-11,18,2555
Orange,2020-09-12,7,2562
Orange,2020-09-13,10,2572
Orange,2020-09-14,9,2581
Orange,2020-09-15,6,2587
Orange,2020-09-16,11,2598
Orange,2020-09-17,11,2609
Orange,2020-09-18,9,2618
Orange,2020-09-19,8,2626
Orange,2020-09-20,5,2631
Orange,2020-09-21,7,2638
Orange,2020-09-22,6,2644
Orange,2020-09-23,9,2653
Orange,2020-09-24,13,2666
Orange,2020-09-25,10,2676
Orange,2020-09-26,4,2680
Orange,2020-09-27,8,2688
Orange,2020-09-28,10,2698
Orange,2020-09-29,11,2709
Orange,2020-09-30,14,2723
Orange,2020-10-01,22,2745
Orange,2020-10-02,10,2755
Orange,2020-10-03,6,2761
Orange,2020-10-04,8,2769
Orange,2020-10-05,8,2777
Orange,2020-10-06,14,2791
Orange,2020-10-07,8,2799
Orange,2020-10-08,15,2814
Orange,2020-10-09,9,2823
Orange,2020-10-10,16,2839
Orange,2020-10-11,8,2847
Orange,2020-10-12,36,2883
Orange,2020-10-13,9,2892
Orange,2020-10-14,12,2904
Orange,2020-10-15,10,2914
Orange,2020-10-16,15,2929
Orange,2020-10-17,9,2938
Orange,2020-10-18,20,2958
Orange,2020-10-19,14,2972
Orange,2020-10-20,10,2982
Orange,2020-10-21,21,3003
Orange,2020-10-22,18,3021
Orange,2020-10-23,13,3034
Orange,2020-10-24,21,3055
Orange,2020-10-25,13,3068
Orange,2020-10-26,14,3082
Orange,2020-10-27,21,3103
Orange,2020-10-28,12,3115
Orange,2020-10-29,23,3138
Orange,2020-10-30,7,3145
Orange,2020-10-31,16,3161
Orange,2020-11-01,9,3170
Orange,2020-11-02,29,3199
Orange,2020-11-03,6,3205
Orange,2020-11-04,30,3235
Orange,2020-11-05,30,3265
Orange,2020-11-06,21,3286
Orange,2020-11-07,24,3310
Orange,2020-11-08,16,3326
Orange,2020-11-09,20,3346
Orange,2020-11-10,36,3382
Orange,2020-11-11,30,3412
Orange,2020-11-12,28,3440
Orange,2020-11-13,36,3476
Orange,2020-11-14,33,3509
Orange,2020-11-15,15,3524
Orange,2020-11-16,29,3553
Orange,2020-11-17,22,3575
Orange,2020-11-18,38,3613
Orange,2020-11-19,31,3644
Orange,2020-11-20,28,3672
Orange,2020-11-21,17,3689
Orange,2020-11-22,14,3703
Orange,2020-11-23,27,3730
Orange,2020-11-24,37,3767
Orange,2020-11-25,43,3810
Orange,2020-11-26,21,3831
Orange,2020-11-27,25,3856
Orange,2020-11-28,19,3875
Orange,2020-11-29,16,3891
Orange,2020-11-30,34,3925
Orange,2020-12-01,30,3955
Orange,2020-12-02,47,4002
Orange,2020-12-03,35,4037
Orange,2020-12-04,47,4084
Orange,2020-12-05,41,4125
Orange,2020-12-06,28,4153
Orange,2020-12-07,29,4182
Orange,2020-12-08,37,4219
Orange,2020-12-09,47,4266
Orange,2020-12-10,41,4307
Orange,2020-12-11,35,4342
Orange,2020-12-12,41,4383
Orange,2020-12-13,33,4416
Orange,2020-12-14,33,4449
Orange,2020-12-15,14,4463
Pamlico,2020-03-29,1,1
Pamlico,2020-04-02,1,2
Pamlico,2020-04-03,1,3
Pamlico,2020-04-09,1,4
Pamlico,2020-04-10,1,5
Pamlico,2020-04-11,1,6
Pamlico,2020-04-23,1,7
Pamlico,2020-05-01,1,8
Pamlico,2020-05-17,1,9
Pamlico,2020-05-29,1,10
Pamlico,2020-06-03,1,11
Pamlico,2020-06-06,2,13
Pamlico,2020-06-10,1,14
Pamlico,2020-06-11,1,15
Pamlico,2020-06-21,1,16
Pamlico,2020-06-23,1,17
Pamlico,2020-06-25,1,18
Pamlico,2020-06-27,1,19
Pamlico,2020-06-28,1,20
Pamlico,2020-06-29,1,21
Pamlico,2020-07-01,1,22
Pamlico,2020-07-02,3,25
Pamlico,2020-07-05,1,26
Pamlico,2020-07-07,1,27
Pamlico,2020-07-08,0,27
Pamlico,2020-07-09,4,31
Pamlico,2020-07-10,3,34
Pamlico,2020-07-12,2,36
Pamlico,2020-07-13,1,37
Pamlico,2020-07-14,3,40
Pamlico,2020-07-16,1,41
Pamlico,2020-07-17,1,42
Pamlico,2020-07-18,3,45
Pamlico,2020-07-19,2,47
Pamlico,2020-07-21,1,48
Pamlico,2020-07-22,2,50
Pamlico,2020-07-24,1,51
Pamlico,2020-07-25,1,52
Pamlico,2020-07-26,1,53
Pamlico,2020-07-28,1,54
Pamlico,2020-07-30,2,56
Pamlico,2020-07-31,2,58
Pamlico,2020-08-01,4,62
Pamlico,2020-08-03,2,64
Pamlico,2020-08-04,2,66
Pamlico,2020-08-05,2,68
Pamlico,2020-08-07,0,68
Pamlico,2020-08-08,1,69
Pamlico,2020-08-10,5,74
Pamlico,2020-08-11,0,74
Pamlico,2020-08-12,0,74
Pamlico,2020-08-14,2,76
Pamlico,2020-08-15,1,77
Pamlico,2020-08-17,1,78
Pamlico,2020-08-19,4,82
Pamlico,2020-08-20,1,83
Pamlico,2020-08-21,3,86
Pamlico,2020-08-22,4,90
Pamlico,2020-08-23,3,93
Pamlico,2020-08-24,0,93
Pamlico,2020-08-25,2,95
Pamlico,2020-08-26,5,100
Pamlico,2020-08-27,11,111
Pamlico,2020-08-28,44,155
Pamlico,2020-08-29,6,161
Pamlico,2020-08-30,7,168
Pamlico,2020-08-31,1,169
Pamlico,2020-09-01,1,170
Pamlico,2020-09-02,5,175
Pamlico,2020-09-03,1,176
Pamlico,2020-09-04,25,201
Pamlico,2020-09-05,7,208
Pamlico,2020-09-06,1,209
Pamlico,2020-09-07,0,209
Pamlico,2020-09-08,2,211
Pamlico,2020-09-09,2,213
Pamlico,2020-09-10,2,215
Pamlico,2020-09-11,5,220
Pamlico,2020-09-14,2,222
Pamlico,2020-09-15,2,224
Pamlico,2020-09-16,0,224
Pamlico,2020-09-17,3,227
Pamlico,2020-09-18,2,229
Pamlico,2020-09-19,3,232
Pamlico,2020-09-20,1,233
Pamlico,2020-09-21,1,234
Pamlico,2020-09-23,3,237
Pamlico,2020-09-24,3,240
Pamlico,2020-10-01,4,244
Pamlico,2020-10-02,2,246
Pamlico,2020-10-03,1,247
Pamlico,2020-10-04,1,248
Pamlico,2020-10-05,2,250
Pamlico,2020-10-06,0,250
Pamlico,2020-10-07,2,252
Pamlico,2020-10-08,7,259
Pamlico,2020-10-10,2,261
Pamlico,2020-10-13,1,262
Pamlico,2020-10-14,1,263
Pamlico,2020-10-16,1,264
Pamlico,2020-10-17,1,265
Pamlico,2020-10-19,0,265
Pamlico,2020-10-20,0,265
Pamlico,2020-10-21,4,269
Pamlico,2020-10-22,2,271
Pamlico,2020-10-25,3,274
Pamlico,2020-10-26,3,277
Pamlico,2020-10-27,1,278
Pamlico,2020-10-28,3,281
Pamlico,2020-10-29,2,283
Pamlico,2020-10-30,3,286
Pamlico,2020-11-01,1,287
Pamlico,2020-11-02,2,289
Pamlico,2020-11-03,1,290
Pamlico,2020-11-04,1,291
Pamlico,2020-11-07,2,293
Pamlico,2020-11-09,10,303
Pamlico,2020-11-10,1,304
Pamlico,2020-11-11,1,305
Pamlico,2020-11-12,1,306
Pamlico,2020-11-13,0,306
Pamlico,2020-11-14,2,308
Pamlico,2020-11-15,1,309
Pamlico,2020-11-16,11,320
Pamlico,2020-11-18,1,321
Pamlico,2020-11-19,1,322
Pamlico,2020-11-20,3,325
Pamlico,2020-11-21,2,327
Pamlico,2020-11-23,12,339
Pamlico,2020-11-24,2,341
Pamlico,2020-11-25,1,342
Pamlico,2020-11-26,5,347
Pamlico,2020-11-27,2,349
Pamlico,2020-11-28,1,350
Pamlico,2020-11-29,6,356
Pamlico,2020-11-30,0,356
Pamlico,2020-12-01,1,357
Pamlico,2020-12-02,6,363
Pamlico,2020-12-03,3,366
Pamlico,2020-12-04,6,372
Pamlico,2020-12-05,2,374
Pamlico,2020-12-06,1,375
Pamlico,2020-12-07,4,379
Pamlico,2020-12-08,7,386
Pamlico,2020-12-09,4,390
Pamlico,2020-12-10,7,397
Pamlico,2020-12-11,3,400
Pamlico,2020-12-12,1,401
Pamlico,2020-12-13,1,402
Pamlico,2020-12-14,4,406
Pamlico,2020-12-15,1,407
Pasquotank,2020-03-19,1,1
Pasquotank,2020-03-28,1,2
Pasquotank,2020-03-31,3,5
Pasquotank,2020-04-01,2,7
Pasquotank,2020-04-03,1,8
Pasquotank,2020-04-06,1,9
Pasquotank,2020-04-08,1,10
Pasquotank,2020-04-09,1,11
Pasquotank,2020-04-10,2,13
Pasquotank,2020-04-11,2,15
Pasquotank,2020-04-15,2,17
Pasquotank,2020-04-16,3,20
Pasquotank,2020-04-19,12,32
Pasquotank,2020-04-22,1,33
Pasquotank,2020-04-23,1,34
Pasquotank,2020-04-27,2,36
Pasquotank,2020-05-02,1,37
Pasquotank,2020-05-03,1,38
Pasquotank,2020-05-04,1,39
Pasquotank,2020-05-06,4,43
Pasquotank,2020-05-07,32,75
Pasquotank,2020-05-08,2,77
Pasquotank,2020-05-09,1,78
Pasquotank,2020-05-11,1,79
Pasquotank,2020-05-12,1,80
Pasquotank,2020-05-13,1,81
Pasquotank,2020-05-14,3,84
Pasquotank,2020-05-15,3,87
Pasquotank,2020-05-18,1,88
Pasquotank,2020-05-19,4,92
Pasquotank,2020-05-20,1,93
Pasquotank,2020-05-21,3,96
Pasquotank,2020-05-22,1,97
Pasquotank,2020-05-26,5,102
Pasquotank,2020-05-27,1,103
Pasquotank,2020-05-29,1,104
Pasquotank,2020-05-30,3,107
Pasquotank,2020-06-01,2,109
Pasquotank,2020-06-02,4,113
Pasquotank,2020-06-03,3,116
Pasquotank,2020-06-04,1,117
Pasquotank,2020-06-08,3,120
Pasquotank,2020-06-09,2,122
Pasquotank,2020-06-10,3,125
Pasquotank,2020-06-11,4,129
Pasquotank,2020-06-12,4,133
Pasquotank,2020-06-15,8,141
Pasquotank,2020-06-16,12,153
Pasquotank,2020-06-17,4,157
Pasquotank,2020-06-18,6,163
Pasquotank,2020-06-19,4,167
Pasquotank,2020-06-20,2,169
Pasquotank,2020-06-21,5,174
Pasquotank,2020-06-22,3,177
Pasquotank,2020-06-23,3,180
Pasquotank,2020-06-24,1,181
Pasquotank,2020-06-25,1,182
Pasquotank,2020-06-26,20,202
Pasquotank,2020-06-27,5,207
Pasquotank,2020-06-30,9,216
Pasquotank,2020-07-01,6,222
Pasquotank,2020-07-02,1,223
Pasquotank,2020-07-04,2,225
Pasquotank,2020-07-05,1,226
Pasquotank,2020-07-06,1,227
Pasquotank,2020-07-07,7,234
Pasquotank,2020-07-08,4,238
Pasquotank,2020-07-09,8,246
Pasquotank,2020-07-10,2,248
Pasquotank,2020-07-11,2,250
Pasquotank,2020-07-12,1,251
Pasquotank,2020-07-13,8,259
Pasquotank,2020-07-14,4,263
Pasquotank,2020-07-15,2,265
Pasquotank,2020-07-16,1,266
Pasquotank,2020-07-17,6,272
Pasquotank,2020-07-20,6,278
Pasquotank,2020-07-21,4,282
Pasquotank,2020-07-22,5,287
Pasquotank,2020-07-23,12,299
Pasquotank,2020-07-24,7,306
Pasquotank,2020-07-25,5,311
Pasquotank,2020-07-26,7,318
Pasquotank,2020-07-27,4,322
Pasquotank,2020-07-28,4,326
Pasquotank,2020-07-29,19,345
Pasquotank,2020-07-30,13,358
Pasquotank,2020-07-31,12,370
Pasquotank,2020-08-01,3,373
Pasquotank,2020-08-02,5,378
Pasquotank,2020-08-03,14,392
Pasquotank,2020-08-04,5,397
Pasquotank,2020-08-05,17,414
Pasquotank,2020-08-06,4,418
Pasquotank,2020-08-07,8,426
Pasquotank,2020-08-08,8,434
Pasquotank,2020-08-09,4,438
Pasquotank,2020-08-10,3,441
Pasquotank,2020-08-11,1,442
Pasquotank,2020-08-12,15,457
Pasquotank,2020-08-13,3,460
Pasquotank,2020-08-14,13,473
Pasquotank,2020-08-15,4,477
Pasquotank,2020-08-16,8,485
Pasquotank,2020-08-17,3,488
Pasquotank,2020-08-18,5,493
Pasquotank,2020-08-19,7,500
Pasquotank,2020-08-20,20,520
Pasquotank,2020-08-21,7,527
Pasquotank,2020-08-22,1,528
Pasquotank,2020-08-23,5,533
Pasquotank,2020-08-24,4,537
Pasquotank,2020-08-25,10,547
Pasquotank,2020-08-26,8,555
Pasquotank,2020-08-27,12,567
Pasquotank,2020-08-28,10,577
Pasquotank,2020-08-29,3,580
Pasquotank,2020-08-30,1,581
Pasquotank,2020-08-31,16,597
Pasquotank,2020-09-01,3,600
Pasquotank,2020-09-02,9,609
Pasquotank,2020-09-03,2,611
Pasquotank,2020-09-04,9,620
Pasquotank,2020-09-05,2,622
Pasquotank,2020-09-06,1,623
Pasquotank,2020-09-08,3,626
Pasquotank,2020-09-09,8,634
Pasquotank,2020-09-10,1,635
Pasquotank,2020-09-11,7,642
Pasquotank,2020-09-12,2,644
Pasquotank,2020-09-13,5,649
Pasquotank,2020-09-14,0,649
Pasquotank,2020-09-15,3,652
Pasquotank,2020-09-16,13,665
Pasquotank,2020-09-17,4,669
Pasquotank,2020-09-18,18,687
Pasquotank,2020-09-19,4,691
Pasquotank,2020-09-20,2,693
Pasquotank,2020-09-21,2,695
Pasquotank,2020-09-22,1,696
Pasquotank,2020-09-23,2,698
Pasquotank,2020-09-24,5,703
Pasquotank,2020-09-25,1,704
Pasquotank,2020-09-26,5,709
Pasquotank,2020-09-27,1,710
Pasquotank,2020-09-28,1,711
Pasquotank,2020-09-29,2,713
Pasquotank,2020-09-30,6,719
Pasquotank,2020-10-01,11,730
Pasquotank,2020-10-02,6,736
Pasquotank,2020-10-03,14,750
Pasquotank,2020-10-04,5,755
Pasquotank,2020-10-05,7,762
Pasquotank,2020-10-06,1,763
Pasquotank,2020-10-07,6,769
Pasquotank,2020-10-08,10,779
Pasquotank,2020-10-09,2,781
Pasquotank,2020-10-10,7,788
Pasquotank,2020-10-11,3,791
Pasquotank,2020-10-12,3,794
Pasquotank,2020-10-13,2,796
Pasquotank,2020-10-14,8,804
Pasquotank,2020-10-15,3,807
Pasquotank,2020-10-16,9,816
Pasquotank,2020-10-17,4,820
Pasquotank,2020-10-18,3,823
Pasquotank,2020-10-19,3,826
Pasquotank,2020-10-20,8,834
Pasquotank,2020-10-21,2,836
Pasquotank,2020-10-22,4,840
Pasquotank,2020-10-23,13,853
Pasquotank,2020-10-24,2,855
Pasquotank,2020-10-25,2,857
Pasquotank,2020-10-26,4,861
Pasquotank,2020-10-27,11,872
Pasquotank,2020-10-28,6,878
Pasquotank,2020-10-29,12,890
Pasquotank,2020-10-30,8,898
Pasquotank,2020-10-31,2,900
Pasquotank,2020-11-01,5,905
Pasquotank,2020-11-02,2,907
Pasquotank,2020-11-03,3,910
Pasquotank,2020-11-04,5,915
Pasquotank,2020-11-05,4,919
Pasquotank,2020-11-06,6,925
Pasquotank,2020-11-07,6,931
Pasquotank,2020-11-08,3,934
Pasquotank,2020-11-09,13,947
Pasquotank,2020-11-10,7,954
Pasquotank,2020-11-11,9,963
Pasquotank,2020-11-12,12,975
Pasquotank,2020-11-13,11,986
Pasquotank,2020-11-14,8,994
Pasquotank,2020-11-15,5,999
Pasquotank,2020-11-16,6,1005
Pasquotank,2020-11-17,2,1007
Pasquotank,2020-11-18,10,1017
Pasquotank,2020-11-19,1,1018
Pasquotank,2020-11-20,3,1021
Pasquotank,2020-11-21,3,1024
Pasquotank,2020-11-22,10,1034
Pasquotank,2020-11-23,6,1040
Pasquotank,2020-11-24,12,1052
Pasquotank,2020-11-25,20,1072
Pasquotank,2020-11-26,15,1087
Pasquotank,2020-11-27,12,1099
Pasquotank,2020-11-28,7,1106
Pasquotank,2020-11-29,8,1114
Pasquotank,2020-11-30,12,1126
Pasquotank,2020-12-01,2,1128
Pasquotank,2020-12-02,18,1146
Pasquotank,2020-12-03,9,1155
Pasquotank,2020-12-04,10,1165
Pasquotank,2020-12-05,18,1183
Pasquotank,2020-12-06,20,1203
Pasquotank,2020-12-07,12,1215
Pasquotank,2020-12-08,26,1241
Pasquotank,2020-12-09,31,1272
Pasquotank,2020-12-10,21,1293
Pasquotank,2020-12-11,12,1305
Pasquotank,2020-12-12,19,1324
Pasquotank,2020-12-13,9,1333
Pasquotank,2020-12-14,25,1358
Pasquotank,2020-12-15,9,1367
Pender,2020-04-04,2,2
Pender,2020-04-08,1,3
Pender,2020-04-09,1,4
Pender,2020-04-10,1,5
Pender,2020-04-17,1,6
Pender,2020-04-18,1,7
Pender,2020-04-19,1,8
Pender,2020-04-20,1,9
Pender,2020-04-22,1,10
Pender,2020-04-25,1,11
Pender,2020-04-26,1,12
Pender,2020-04-29,2,14
Pender,2020-05-01,1,15
Pender,2020-05-02,1,16
Pender,2020-05-03,1,17
Pender,2020-05-04,1,18
Pender,2020-05-05,1,19
Pender,2020-05-06,2,21
Pender,2020-05-07,2,23
Pender,2020-05-08,15,38
Pender,2020-05-09,1,39
Pender,2020-05-12,1,40
Pender,2020-05-13,3,43
Pender,2020-05-14,1,44
Pender,2020-05-15,2,46
Pender,2020-05-16,1,47
Pender,2020-05-17,3,50
Pender,2020-05-18,2,52
Pender,2020-05-20,8,60
Pender,2020-05-22,9,69
Pender,2020-05-23,4,73
Pender,2020-05-25,1,74
Pender,2020-05-26,1,75
Pender,2020-05-28,4,79
Pender,2020-05-29,2,81
Pender,2020-05-30,3,84
Pender,2020-05-31,1,85
Pender,2020-06-01,2,87
Pender,2020-06-02,1,88
Pender,2020-06-03,8,96
Pender,2020-06-04,3,99
Pender,2020-06-05,6,105
Pender,2020-06-06,4,109
Pender,2020-06-07,6,115
Pender,2020-06-08,5,120
Pender,2020-06-09,1,121
Pender,2020-06-10,5,126
Pender,2020-06-11,3,129
Pender,2020-06-12,9,138
Pender,2020-06-13,8,146
Pender,2020-06-14,3,149
Pender,2020-06-15,7,156
Pender,2020-06-16,3,159
Pender,2020-06-17,5,164
Pender,2020-06-18,12,176
Pender,2020-06-19,7,183
Pender,2020-06-20,3,186
Pender,2020-06-21,5,191
Pender,2020-06-22,8,199
Pender,2020-06-23,13,212
Pender,2020-06-24,11,223
Pender,2020-06-25,2,225
Pender,2020-06-26,5,230
Pender,2020-06-27,11,241
Pender,2020-06-28,6,247
Pender,2020-06-29,10,257
Pender,2020-06-30,12,269
Pender,2020-07-01,13,282
Pender,2020-07-02,14,296
Pender,2020-07-03,4,300
Pender,2020-07-04,5,305
Pender,2020-07-05,4,309
Pender,2020-07-06,4,313
Pender,2020-07-07,9,322
Pender,2020-07-08,17,339
Pender,2020-07-09,8,347
Pender,2020-07-10,18,365
Pender,2020-07-11,15,380
Pender,2020-07-12,18,398
Pender,2020-07-13,23,421
Pender,2020-07-14,10,431
Pender,2020-07-15,10,441
Pender,2020-07-16,8,449
Pender,2020-07-17,16,465
Pender,2020-07-18,13,478
Pender,2020-07-19,12,490
Pender,2020-07-20,14,504
Pender,2020-07-21,16,520
Pender,2020-07-22,19,539
Pender,2020-07-23,4,543
Pender,2020-07-24,13,556
Pender,2020-07-25,8,564
Pender,2020-07-26,10,574
Pender,2020-07-27,10,584
Pender,2020-07-28,10,594
Pender,2020-07-29,18,612
Pender,2020-07-30,4,616
Pender,2020-07-31,5,621
Pender,2020-08-01,6,627
Pender,2020-08-02,10,637
Pender,2020-08-03,5,642
Pender,2020-08-04,2,644
Pender,2020-08-05,8,652
Pender,2020-08-06,5,657
Pender,2020-08-07,9,666
Pender,2020-08-08,4,670
Pender,2020-08-09,3,673
Pender,2020-08-10,10,683
Pender,2020-08-11,3,686
Pender,2020-08-12,6,692
Pender,2020-08-13,3,695
Pender,2020-08-14,2,697
Pender,2020-08-15,2,699
Pender,2020-08-16,1,700
Pender,2020-08-17,5,705
Pender,2020-08-18,4,709
Pender,2020-08-19,9,718
Pender,2020-08-20,9,727
Pender,2020-08-21,9,736
Pender,2020-08-22,2,738
Pender,2020-08-23,3,741
Pender,2020-08-24,8,749
Pender,2020-08-25,1,750
Pender,2020-08-26,7,757
Pender,2020-08-27,3,760
Pender,2020-08-28,4,764
Pender,2020-08-29,4,768
Pender,2020-08-30,2,770
Pender,2020-08-31,3,773
Pender,2020-09-01,1,774
Pender,2020-09-02,10,784
Pender,2020-09-03,6,790
Pender,2020-09-04,1,791
Pender,2020-09-05,5,796
Pender,2020-09-06,7,803
Pender,2020-09-08,0,803
Pender,2020-09-09,12,815
Pender,2020-09-10,4,819
Pender,2020-09-11,10,829
Pender,2020-09-12,3,832
Pender,2020-09-13,4,836
Pender,2020-09-14,3,839
Pender,2020-09-15,16,855
Pender,2020-09-16,14,869
Pender,2020-09-17,6,875
Pender,2020-09-18,14,889
Pender,2020-09-19,7,896
Pender,2020-09-20,6,902
Pender,2020-09-21,3,905
Pender,2020-09-22,6,911
Pender,2020-09-23,10,921
Pender,2020-09-24,6,927
Pender,2020-09-25,17,944
Pender,2020-09-26,6,950
Pender,2020-09-27,1,951
Pender,2020-09-28,1,952
Pender,2020-09-29,5,957
Pender,2020-09-30,12,969
Pender,2020-10-01,16,985
Pender,2020-10-02,44,1029
Pender,2020-10-03,17,1046
Pender,2020-10-04,6,1052
Pender,2020-10-05,6,1058
Pender,2020-10-06,11,1069
Pender,2020-10-07,6,1075
Pender,2020-10-08,9,1084
Pender,2020-10-09,10,1094
Pender,2020-10-10,10,1104
Pender,2020-10-11,13,1117
Pender,2020-10-12,6,1123
Pender,2020-10-13,6,1129
Pender,2020-10-14,14,1143
Pender,2020-10-15,10,1153
Pender,2020-10-16,12,1165
Pender,2020-10-17,9,1174
Pender,2020-10-18,10,1184
Pender,2020-10-19,17,1201
Pender,2020-10-20,10,1211
Pender,2020-10-21,29,1240
Pender,2020-10-22,42,1282
Pender,2020-10-23,65,1347
Pender,2020-10-24,18,1365
Pender,2020-10-25,19,1384
Pender,2020-10-26,6,1390
Pender,2020-10-27,16,1406
Pender,2020-10-28,12,1418
Pender,2020-10-29,11,1429
Pender,2020-10-30,2,1431
Pender,2020-10-31,10,1441
Pender,2020-11-01,2,1443
Pender,2020-11-02,8,1451
Pender,2020-11-03,12,1463
Pender,2020-11-04,11,1474
Pender,2020-11-05,11,1485
Pender,2020-11-06,6,1491
Pender,2020-11-07,5,1496
Pender,2020-11-08,11,1507
Pender,2020-11-09,5,1512
Pender,2020-11-10,7,1519
Pender,2020-11-11,12,1531
Pender,2020-11-12,14,1545
Pender,2020-11-13,24,1569
Pender,2020-11-14,10,1579
Pender,2020-11-15,15,1594
Pender,2020-11-16,6,1600
Pender,2020-11-17,35,1635
Pender,2020-11-18,15,1650
Pender,2020-11-19,32,1682
Pender,2020-11-20,62,1744
Pender,2020-11-21,11,1755
Pender,2020-11-22,9,1764
Pender,2020-11-23,11,1775
Pender,2020-11-24,20,1795
Pender,2020-11-25,15,1810
Pender,2020-11-26,11,1821
Pender,2020-11-27,11,1832
Pender,2020-11-28,6,1838
Pender,2020-11-29,5,1843
Pender,2020-11-30,11,1854
Pender,2020-12-01,19,1873
Pender,2020-12-02,22,1895
Pender,2020-12-03,17,1912
Pender,2020-12-04,14,1926
Pender,2020-12-05,18,1944
Pender,2020-12-06,15,1959
Pender,2020-12-07,19,1978
Pender,2020-12-08,30,2008
Pender,2020-12-09,61,2069
Pender,2020-12-10,38,2107
Pender,2020-12-11,30,2137
Pender,2020-12-12,41,2178
Pender,2020-12-13,23,2201
Pender,2020-12-14,15,2216
Pender,2020-12-15,21,2237
Perquimans,2020-03-27,1,1
Perquimans,2020-04-04,1,2
Perquimans,2020-04-09,1,3
Perquimans,2020-04-11,1,4
Perquimans,2020-04-13,4,8
Perquimans,2020-04-23,2,10
Perquimans,2020-04-25,1,11
Perquimans,2020-04-27,1,12
Perquimans,2020-04-28,1,13
Perquimans,2020-04-30,1,14
Perquimans,2020-05-08,4,18
Perquimans,2020-05-11,1,19
Perquimans,2020-05-13,1,20
Perquimans,2020-05-14,1,21
Perquimans,2020-05-15,1,22
Perquimans,2020-05-19,1,23
Perquimans,2020-05-27,1,24
Perquimans,2020-06-01,1,25
Perquimans,2020-06-04,1,26
Perquimans,2020-06-10,1,27
Perquimans,2020-06-11,1,28
Perquimans,2020-06-15,1,29
Perquimans,2020-06-23,2,31
Perquimans,2020-06-26,4,35
Perquimans,2020-07-02,1,36
Perquimans,2020-07-08,1,37
Perquimans,2020-07-09,1,38
Perquimans,2020-07-14,3,41
Perquimans,2020-07-15,2,43
Perquimans,2020-07-17,2,45
Perquimans,2020-07-18,1,46
Perquimans,2020-07-19,1,47
Perquimans,2020-07-20,1,48
Perquimans,2020-07-21,1,49
Perquimans,2020-07-22,1,50
Perquimans,2020-07-23,2,52
Perquimans,2020-07-24,5,57
Perquimans,2020-07-27,2,59
Perquimans,2020-07-29,3,62
Perquimans,2020-07-30,2,64
Perquimans,2020-07-31,3,67
Perquimans,2020-08-01,2,69
Perquimans,2020-08-02,3,72
Perquimans,2020-08-03,2,74
Perquimans,2020-08-04,1,75
Perquimans,2020-08-05,2,77
Perquimans,2020-08-06,8,85
Perquimans,2020-08-07,1,86
Perquimans,2020-08-08,2,88
Perquimans,2020-08-09,2,90
Perquimans,2020-08-12,2,92
Perquimans,2020-08-13,2,94
Perquimans,2020-08-14,1,95
Perquimans,2020-08-17,1,96
Perquimans,2020-08-19,3,99
Perquimans,2020-08-20,2,101
Perquimans,2020-08-21,2,103
Perquimans,2020-08-22,1,104
Perquimans,2020-08-23,5,109
Perquimans,2020-08-24,5,114
Perquimans,2020-08-25,1,115
Perquimans,2020-08-26,8,123
Perquimans,2020-08-27,10,133
Perquimans,2020-08-28,3,136
Perquimans,2020-08-29,2,138
Perquimans,2020-08-30,3,141
Perquimans,2020-08-31,2,143
Perquimans,2020-09-01,2,145
Perquimans,2020-09-03,3,148
Perquimans,2020-09-04,2,150
Perquimans,2020-09-06,2,152
Perquimans,2020-09-07,1,153
Perquimans,2020-09-09,2,155
Perquimans,2020-09-10,1,156
Perquimans,2020-09-11,4,160
Perquimans,2020-09-12,1,161
Perquimans,2020-09-13,1,162
Perquimans,2020-09-14,3,165
Perquimans,2020-09-16,3,168
Perquimans,2020-09-17,5,173
Perquimans,2020-09-18,4,177
Perquimans,2020-09-19,1,178
Perquimans,2020-09-21,2,180
Perquimans,2020-09-22,2,182
Perquimans,2020-09-23,3,185
Perquimans,2020-09-24,1,186
Perquimans,2020-09-28,1,187
Perquimans,2020-09-30,4,191
Perquimans,2020-10-01,3,194
Perquimans,2020-10-02,3,197
Perquimans,2020-10-04,1,198
Perquimans,2020-10-07,2,200
Perquimans,2020-10-08,8,208
Perquimans,2020-10-09,1,209
Perquimans,2020-10-10,2,211
Perquimans,2020-10-12,1,212
Perquimans,2020-10-13,4,216
Perquimans,2020-10-14,4,220
Perquimans,2020-10-15,3,223
Perquimans,2020-10-16,2,225
Perquimans,2020-10-17,2,227
Perquimans,2020-10-18,1,228
Perquimans,2020-10-19,2,230
Perquimans,2020-10-20,3,233
Perquimans,2020-10-21,1,234
Perquimans,2020-10-23,3,237
Perquimans,2020-10-24,4,241
Perquimans,2020-10-25,2,243
Perquimans,2020-10-26,2,245
Perquimans,2020-10-27,2,247
Perquimans,2020-10-28,2,249
Perquimans,2020-10-29,5,254
Perquimans,2020-10-30,1,255
Perquimans,2020-11-01,2,257
Perquimans,2020-11-02,3,260
Perquimans,2020-11-03,2,262
Perquimans,2020-11-05,2,264
Perquimans,2020-11-06,1,265
Perquimans,2020-11-07,2,267
Perquimans,2020-11-09,5,272
Perquimans,2020-11-10,1,273
Perquimans,2020-11-11,1,274
Perquimans,2020-11-12,6,280
Perquimans,2020-11-13,3,283
Perquimans,2020-11-14,4,287
Perquimans,2020-11-15,1,288
Perquimans,2020-11-16,8,296
Perquimans,2020-11-17,4,300
Perquimans,2020-11-18,3,303
Perquimans,2020-11-19,3,306
Perquimans,2020-11-20,2,308
Perquimans,2020-11-21,3,311
Perquimans,2020-11-22,4,315
Perquimans,2020-11-23,3,318
Perquimans,2020-11-24,4,322
Perquimans,2020-11-25,3,325
Perquimans,2020-11-26,8,333
Perquimans,2020-11-28,8,341
Perquimans,2020-11-29,6,347
Perquimans,2020-11-30,3,350
Perquimans,2020-12-01,2,352
Perquimans,2020-12-02,5,357
Perquimans,2020-12-03,2,359
Perquimans,2020-12-04,5,364
Perquimans,2020-12-05,2,366
Perquimans,2020-12-06,5,371
Perquimans,2020-12-07,5,376
Perquimans,2020-12-08,5,381
Perquimans,2020-12-09,10,391
Perquimans,2020-12-10,8,399
Perquimans,2020-12-11,8,407
Perquimans,2020-12-12,4,411
Perquimans,2020-12-14,0,411
Perquimans,2020-12-15,5,416
Person,2020-03-24,1,1
Person,2020-03-31,2,3
Person,2020-04-03,2,5
Person,2020-04-04,2,7
Person,2020-04-08,1,8
Person,2020-04-13,3,11
Person,2020-04-15,1,12
Person,2020-04-16,3,15
Person,2020-04-17,1,16
Person,2020-04-20,1,17
Person,2020-04-22,1,18
Person,2020-04-26,1,19
Person,2020-04-28,1,20
Person,2020-04-30,1,21
Person,2020-05-01,1,22
Person,2020-05-02,1,23
Person,2020-05-06,4,27
Person,2020-05-07,2,29
Person,2020-05-08,1,30
Person,2020-05-10,1,31
Person,2020-05-14,1,32
Person,2020-05-18,2,34
Person,2020-05-22,2,36
Person,2020-05-23,1,37
Person,2020-05-24,1,38
Person,2020-05-26,1,39
Person,2020-05-27,5,44
Person,2020-05-28,2,46
Person,2020-05-29,2,48
Person,2020-06-01,2,50
Person,2020-06-02,3,53
Person,2020-06-03,1,54
Person,2020-06-04,2,56
Person,2020-06-05,1,57
Person,2020-06-07,5,62
Person,2020-06-08,3,65
Person,2020-06-09,2,67
Person,2020-06-10,4,71
Person,2020-06-11,2,73
Person,2020-06-12,1,74
Person,2020-06-13,6,80
Person,2020-06-14,1,81
Person,2020-06-15,3,84
Person,2020-06-16,1,85
Person,2020-06-17,4,89
Person,2020-06-18,3,92
Person,2020-06-19,1,93
Person,2020-06-20,1,94
Person,2020-06-22,1,95
Person,2020-06-23,2,97
Person,2020-06-24,3,100
Person,2020-06-25,1,101
Person,2020-06-26,2,103
Person,2020-06-27,2,105
Person,2020-06-28,3,108
Person,2020-06-30,2,110
Person,2020-07-01,1,111
Person,2020-07-02,2,113
Person,2020-07-03,3,116
Person,2020-07-04,5,121
Person,2020-07-05,1,122
Person,2020-07-06,1,123
Person,2020-07-07,1,124
Person,2020-07-08,1,125
Person,2020-07-09,2,127
Person,2020-07-11,2,129
Person,2020-07-12,1,130
Person,2020-07-13,2,132
Person,2020-07-14,2,134
Person,2020-07-15,2,136
Person,2020-07-17,4,140
Person,2020-07-18,2,142
Person,2020-07-19,1,143
Person,2020-07-20,8,151
Person,2020-07-21,6,157
Person,2020-07-22,3,160
Person,2020-07-23,7,167
Person,2020-07-24,2,169
Person,2020-07-25,6,175
Person,2020-07-26,1,176
Person,2020-07-27,8,184
Person,2020-07-28,2,186
Person,2020-07-29,1,187
Person,2020-07-30,2,189
Person,2020-07-31,1,190
Person,2020-08-01,6,196
Person,2020-08-02,3,199
Person,2020-08-04,5,204
Person,2020-08-06,3,207
Person,2020-08-07,6,213
Person,2020-08-08,10,223
Person,2020-08-09,4,227
Person,2020-08-10,3,230
Person,2020-08-11,3,233
Person,2020-08-12,5,238
Person,2020-08-13,4,242
Person,2020-08-14,3,245
Person,2020-08-15,5,250
Person,2020-08-16,3,253
Person,2020-08-17,5,258
Person,2020-08-18,2,260
Person,2020-08-19,5,265
Person,2020-08-20,8,273
Person,2020-08-21,7,280
Person,2020-08-22,4,284
Person,2020-08-23,3,287
Person,2020-08-24,7,294
Person,2020-08-25,10,304
Person,2020-08-26,6,310
Person,2020-08-27,6,316
Person,2020-08-28,3,319
Person,2020-08-29,8,327
Person,2020-08-30,3,330
Person,2020-08-31,7,337
Person,2020-09-01,2,339
Person,2020-09-02,8,347
Person,2020-09-03,5,352
Person,2020-09-04,3,355
Person,2020-09-05,2,357
Person,2020-09-06,3,360
Person,2020-09-09,9,369
Person,2020-09-10,8,377
Person,2020-09-11,2,379
Person,2020-09-12,5,384
Person,2020-09-14,2,386
Person,2020-09-15,3,389
Person,2020-09-16,7,396
Person,2020-09-17,7,403
Person,2020-09-18,4,407
Person,2020-09-19,2,409
Person,2020-09-20,5,414
Person,2020-09-21,3,417
Person,2020-09-22,4,421
Person,2020-09-23,5,426
Person,2020-09-24,3,429
Person,2020-09-25,3,432
Person,2020-09-26,4,436
Person,2020-09-27,1,437
Person,2020-09-28,1,438
Person,2020-09-29,3,441
Person,2020-09-30,3,444
Person,2020-10-01,4,448
Person,2020-10-02,7,455
Person,2020-10-03,4,459
Person,2020-10-04,5,464
Person,2020-10-05,3,467
Person,2020-10-06,7,474
Person,2020-10-07,9,483
Person,2020-10-08,8,491
Person,2020-10-09,11,502
Person,2020-10-10,7,509
Person,2020-10-11,4,513
Person,2020-10-12,7,520
Person,2020-10-13,5,525
Person,2020-10-14,8,533
Person,2020-10-15,6,539
Person,2020-10-16,10,549
Person,2020-10-17,10,559
Person,2020-10-18,14,573
Person,2020-10-19,6,579
Person,2020-10-20,7,586
Person,2020-10-21,15,601
Person,2020-10-22,9,610
Person,2020-10-23,12,622
Person,2020-10-24,14,636
Person,2020-10-25,15,651
Person,2020-10-26,6,657
Person,2020-10-27,4,661
Person,2020-10-28,16,677
Person,2020-10-29,17,694
Person,2020-10-30,8,702
Person,2020-10-31,8,710
Person,2020-11-01,6,716
Person,2020-11-02,10,726
Person,2020-11-03,7,733
Person,2020-11-04,12,745
Person,2020-11-05,8,753
Person,2020-11-06,4,757
Person,2020-11-07,6,763
Person,2020-11-08,11,774
Person,2020-11-09,2,776
Person,2020-11-10,10,786
Person,2020-11-11,8,794
Person,2020-11-12,12,806
Person,2020-11-13,13,819
Person,2020-11-14,9,828
Person,2020-11-15,6,834
Person,2020-11-16,6,840
Person,2020-11-17,6,846
Person,2020-11-18,11,857
Person,2020-11-19,8,865
Person,2020-11-20,17,882
Person,2020-11-21,10,892
Person,2020-11-22,9,901
Person,2020-11-23,6,907
Person,2020-11-24,14,921
Person,2020-11-25,17,938
Person,2020-11-26,5,943
Person,2020-11-27,14,957
Person,2020-11-28,11,968
Person,2020-11-29,8,976
Person,2020-11-30,8,984
Person,2020-12-01,12,996
Person,2020-12-02,21,1017
Person,2020-12-03,21,1038
Person,2020-12-04,20,1058
Person,2020-12-05,13,1071
Person,2020-12-06,17,1088
Person,2020-12-07,16,1104
Person,2020-12-08,29,1133
Person,2020-12-09,25,1158
Person,2020-12-10,13,1171
Person,2020-12-11,16,1187
Person,2020-12-12,17,1204
Person,2020-12-13,20,1224
Person,2020-12-14,17,1241
Person,2020-12-15,13,1254
Pitt,2020-03-19,1,1
Pitt,2020-03-20,1,2
Pitt,2020-03-21,1,3
Pitt,2020-03-22,1,4
Pitt,2020-03-23,2,6
Pitt,2020-03-25,1,7
Pitt,2020-03-26,3,10
Pitt,2020-03-27,4,14
Pitt,2020-03-28,1,15
Pitt,2020-03-29,3,18
Pitt,2020-03-30,6,24
Pitt,2020-03-31,1,25
Pitt,2020-04-01,4,29
Pitt,2020-04-02,2,31
Pitt,2020-04-03,3,34
Pitt,2020-04-04,1,35
Pitt,2020-04-06,12,47
Pitt,2020-04-07,6,53
Pitt,2020-04-08,6,59
Pitt,2020-04-09,2,61
Pitt,2020-04-11,1,62
Pitt,2020-04-12,1,63
Pitt,2020-04-13,4,67
Pitt,2020-04-15,9,76
Pitt,2020-04-16,3,79
Pitt,2020-04-17,6,85
Pitt,2020-04-18,3,88
Pitt,2020-04-20,4,92
Pitt,2020-04-21,3,95
Pitt,2020-04-22,2,97
Pitt,2020-04-23,5,102
Pitt,2020-04-24,5,107
Pitt,2020-04-25,1,108
Pitt,2020-04-26,1,109
Pitt,2020-04-27,6,115
Pitt,2020-04-28,2,117
Pitt,2020-04-29,3,120
Pitt,2020-04-30,2,122
Pitt,2020-05-01,5,127
Pitt,2020-05-02,1,128
Pitt,2020-05-03,7,135
Pitt,2020-05-04,5,140
Pitt,2020-05-05,1,141
Pitt,2020-05-06,9,150
Pitt,2020-05-07,6,156
Pitt,2020-05-08,4,160
Pitt,2020-05-09,6,166
Pitt,2020-05-10,3,169
Pitt,2020-05-11,6,175
Pitt,2020-05-12,2,177
Pitt,2020-05-13,4,181
Pitt,2020-05-14,10,191
Pitt,2020-05-15,8,199
Pitt,2020-05-16,5,204
Pitt,2020-05-17,4,208
Pitt,2020-05-18,8,216
Pitt,2020-05-19,5,221
Pitt,2020-05-20,8,229
Pitt,2020-05-21,13,242
Pitt,2020-05-22,8,250
Pitt,2020-05-23,3,253
Pitt,2020-05-24,5,258
Pitt,2020-05-25,5,263
Pitt,2020-05-26,1,264
Pitt,2020-05-27,4,268
Pitt,2020-05-28,12,280
Pitt,2020-05-29,9,289
Pitt,2020-05-30,9,298
Pitt,2020-05-31,8,306
Pitt,2020-06-01,4,310
Pitt,2020-06-02,9,319
Pitt,2020-06-03,8,327
Pitt,2020-06-04,17,344
Pitt,2020-06-05,46,390
Pitt,2020-06-06,8,398
Pitt,2020-06-07,9,407
Pitt,2020-06-08,11,418
Pitt,2020-06-09,8,426
Pitt,2020-06-10,11,437
Pitt,2020-06-11,16,453
Pitt,2020-06-12,10,463
Pitt,2020-06-13,15,478
Pitt,2020-06-14,10,488
Pitt,2020-06-15,12,500
Pitt,2020-06-16,2,502
Pitt,2020-06-17,16,518
Pitt,2020-06-18,20,538
Pitt,2020-06-19,17,555
Pitt,2020-06-20,10,565
Pitt,2020-06-21,10,575
Pitt,2020-06-22,17,592
Pitt,2020-06-23,19,611
Pitt,2020-06-24,18,629
Pitt,2020-06-25,18,647
Pitt,2020-06-26,13,660
Pitt,2020-06-27,12,672
Pitt,2020-06-28,19,691
Pitt,2020-06-29,13,704
Pitt,2020-06-30,21,725
Pitt,2020-07-01,28,753
Pitt,2020-07-02,28,781
Pitt,2020-07-03,18,799
Pitt,2020-07-04,15,814
Pitt,2020-07-05,15,829
Pitt,2020-07-06,20,849
Pitt,2020-07-07,18,867
Pitt,2020-07-08,13,880
Pitt,2020-07-09,21,901
Pitt,2020-07-10,26,927
Pitt,2020-07-11,34,961
Pitt,2020-07-12,8,969
Pitt,2020-07-13,14,983
Pitt,2020-07-14,48,1031
Pitt,2020-07-15,36,1067
Pitt,2020-07-16,44,1111
Pitt,2020-07-17,44,1155
Pitt,2020-07-18,47,1202
Pitt,2020-07-19,19,1221
Pitt,2020-07-20,32,1253
Pitt,2020-07-21,42,1295
Pitt,2020-07-22,59,1354
Pitt,2020-07-23,51,1405
Pitt,2020-07-24,52,1457
Pitt,2020-07-25,41,1498
Pitt,2020-07-26,34,1532
Pitt,2020-07-27,33,1565
Pitt,2020-07-28,57,1622
Pitt,2020-07-29,63,1685
Pitt,2020-07-30,39,1724
Pitt,2020-07-31,39,1763
Pitt,2020-08-01,16,1779
Pitt,2020-08-02,23,1802
Pitt,2020-08-03,33,1835
Pitt,2020-08-04,37,1872
Pitt,2020-08-05,28,1900
Pitt,2020-08-06,41,1941
Pitt,2020-08-07,66,2007
Pitt,2020-08-08,25,2032
Pitt,2020-08-09,19,2051
Pitt,2020-08-10,54,2105
Pitt,2020-08-11,25,2130
Pitt,2020-08-12,56,2186
Pitt,2020-08-13,46,2232
Pitt,2020-08-14,30,2262
Pitt,2020-08-15,40,2302
Pitt,2020-08-16,20,2322
Pitt,2020-08-17,22,2344
Pitt,2020-08-18,54,2398
Pitt,2020-08-19,95,2493
Pitt,2020-08-20,81,2574
Pitt,2020-08-21,109,2683
Pitt,2020-08-22,105,2788
Pitt,2020-08-23,84,2872
Pitt,2020-08-24,88,2960
Pitt,2020-08-25,136,3096
Pitt,2020-08-26,174,3270
Pitt,2020-08-27,136,3406
Pitt,2020-08-28,104,3510
Pitt,2020-08-29,117,3627
Pitt,2020-08-30,43,3670
Pitt,2020-08-31,57,3727
Pitt,2020-09-01,72,3799
Pitt,2020-09-02,111,3910
Pitt,2020-09-03,92,4002
Pitt,2020-09-04,82,4084
Pitt,2020-09-05,31,4115
Pitt,2020-09-06,23,4138
Pitt,2020-09-07,36,4174
Pitt,2020-09-08,39,4213
Pitt,2020-09-09,63,4276
Pitt,2020-09-10,54,4330
Pitt,2020-09-11,33,4363
Pitt,2020-09-12,19,4382
Pitt,2020-09-13,25,4407
Pitt,2020-09-14,27,4434
Pitt,2020-09-15,43,4477
Pitt,2020-09-16,49,4526
Pitt,2020-09-17,35,4561
Pitt,2020-09-18,30,4591
Pitt,2020-09-19,32,4623
Pitt,2020-09-20,27,4650
Pitt,2020-09-21,38,4688
Pitt,2020-09-22,34,4722
Pitt,2020-09-23,55,4777
Pitt,2020-09-24,38,4815
Pitt,2020-09-25,33,4848
Pitt,2020-09-26,11,4859
Pitt,2020-09-27,14,4873
Pitt,2020-09-28,26,4899
Pitt,2020-09-29,30,4929
Pitt,2020-09-30,34,4963
Pitt,2020-10-01,33,4996
Pitt,2020-10-02,32,5028
Pitt,2020-10-03,23,5051
Pitt,2020-10-04,20,5071
Pitt,2020-10-05,37,5108
Pitt,2020-10-06,62,5170
Pitt,2020-10-07,39,5209
Pitt,2020-10-08,53,5262
Pitt,2020-10-09,41,5303
Pitt,2020-10-10,28,5331
Pitt,2020-10-11,22,5353
Pitt,2020-10-12,41,5394
Pitt,2020-10-13,37,5431
Pitt,2020-10-14,39,5470
Pitt,2020-10-15,52,5522
Pitt,2020-10-16,45,5567
Pitt,2020-10-17,15,5582
Pitt,2020-10-18,19,5601
Pitt,2020-10-19,39,5640
Pitt,2020-10-20,41,5681
Pitt,2020-10-21,64,5745
Pitt,2020-10-22,47,5792
Pitt,2020-10-23,31,5823
Pitt,2020-10-24,26,5849
Pitt,2020-10-25,7,5856
Pitt,2020-10-26,28,5884
Pitt,2020-10-27,28,5912
Pitt,2020-10-28,71,5983
Pitt,2020-10-29,38,6021
Pitt,2020-10-30,40,6061
Pitt,2020-10-31,29,6090
Pitt,2020-11-01,18,6108
Pitt,2020-11-02,47,6155
Pitt,2020-11-03,59,6214
Pitt,2020-11-04,53,6267
Pitt,2020-11-05,60,6327
Pitt,2020-11-06,40,6367
Pitt,2020-11-07,36,6403
Pitt,2020-11-08,12,6415
Pitt,2020-11-09,38,6453
Pitt,2020-11-10,60,6513
Pitt,2020-11-11,73,6586
Pitt,2020-11-12,88,6674
Pitt,2020-11-13,62,6736
Pitt,2020-11-14,45,6781
Pitt,2020-11-15,13,6794
Pitt,2020-11-16,46,6840
Pitt,2020-11-17,97,6937
Pitt,2020-11-18,73,7010
Pitt,2020-11-19,81,7091
Pitt,2020-11-20,89,7180
Pitt,2020-11-21,50,7230
Pitt,2020-11-22,20,7250
Pitt,2020-11-23,53,7303
Pitt,2020-11-24,104,7407
Pitt,2020-11-25,76,7483
Pitt,2020-11-26,49,7532
Pitt,2020-11-27,71,7603
Pitt,2020-11-28,48,7651
Pitt,2020-11-29,32,7683
Pitt,2020-11-30,80,7763
Pitt,2020-12-01,170,7933
Pitt,2020-12-02,143,8076
Pitt,2020-12-03,123,8199
Pitt,2020-12-04,121,8320
Pitt,2020-12-05,132,8452
Pitt,2020-12-06,43,8495
Pitt,2020-12-07,84,8579
Pitt,2020-12-08,136,8715
Pitt,2020-12-09,146,8861
Pitt,2020-12-10,126,8987
Pitt,2020-12-11,145,9132
Pitt,2020-12-12,89,9221
Pitt,2020-12-13,35,9256
Pitt,2020-12-14,84,9340
Pitt,2020-12-15,93,9433
Polk,2020-03-26,1,1
Polk,2020-03-27,1,2
Polk,2020-03-29,1,3
Polk,2020-04-01,1,4
Polk,2020-04-03,2,6
Polk,2020-04-05,2,8
Polk,2020-04-09,1,9
Polk,2020-04-17,1,10
Polk,2020-04-21,1,11
Polk,2020-04-23,1,12
Polk,2020-04-26,4,16
Polk,2020-04-27,1,17
Polk,2020-04-28,2,19
Polk,2020-04-29,1,20
Polk,2020-04-30,1,21
Polk,2020-05-01,1,22
Polk,2020-05-03,2,24
Polk,2020-05-04,1,25
Polk,2020-05-06,3,28
Polk,2020-05-07,1,29
Polk,2020-05-14,1,30
Polk,2020-05-17,2,32
Polk,2020-05-18,2,34
Polk,2020-05-30,2,36
Polk,2020-06-02,2,38
Polk,2020-06-03,4,42
Polk,2020-06-04,2,44
Polk,2020-06-05,6,50
Polk,2020-06-09,1,51
Polk,2020-06-11,1,52
Polk,2020-06-12,2,54
Polk,2020-06-15,2,56
Polk,2020-06-17,5,61
Polk,2020-06-18,1,62
Polk,2020-06-20,2,64
Polk,2020-06-21,2,66
Polk,2020-06-25,1,67
Polk,2020-06-26,3,70
Polk,2020-06-29,1,71
Polk,2020-07-01,1,72
Polk,2020-07-03,1,73
Polk,2020-07-04,10,83
Polk,2020-07-05,3,86
Polk,2020-07-06,3,89
Polk,2020-07-07,1,90
Polk,2020-07-08,1,91
Polk,2020-07-09,4,95
Polk,2020-07-10,1,96
Polk,2020-07-11,4,100
Polk,2020-07-13,1,101
Polk,2020-07-14,1,102
Polk,2020-07-15,1,103
Polk,2020-07-17,5,108
Polk,2020-07-18,6,114
Polk,2020-07-19,3,117
Polk,2020-07-20,2,119
Polk,2020-07-21,2,121
Polk,2020-07-22,1,122
Polk,2020-07-23,2,124
Polk,2020-07-24,0,124
Polk,2020-07-25,1,125
Polk,2020-07-27,3,128
Polk,2020-07-28,0,128
Polk,2020-07-29,3,131
Polk,2020-07-30,2,133
Polk,2020-07-31,3,136
Polk,2020-08-01,4,140
Polk,2020-08-02,6,146
Polk,2020-08-03,2,148
Polk,2020-08-04,1,149
Polk,2020-08-05,2,151
Polk,2020-08-06,9,160
Polk,2020-08-07,4,164
Polk,2020-08-08,1,165
Polk,2020-08-09,1,166
Polk,2020-08-10,0,166
Polk,2020-08-11,1,167
Polk,2020-08-12,3,170
Polk,2020-08-13,6,176
Polk,2020-08-14,4,180
Polk,2020-08-15,5,185
Polk,2020-08-16,3,188
Polk,2020-08-17,2,190
Polk,2020-08-18,3,193
Polk,2020-08-19,3,196
Polk,2020-08-20,4,200
Polk,2020-08-21,4,204
Polk,2020-08-22,6,210
Polk,2020-08-23,4,214
Polk,2020-08-24,2,216
Polk,2020-08-25,2,218
Polk,2020-08-26,1,219
Polk,2020-08-27,0,219
Polk,2020-08-28,3,222
Polk,2020-08-29,1,223
Polk,2020-08-30,3,226
Polk,2020-08-31,6,232
Polk,2020-09-02,2,234
Polk,2020-09-04,1,235
Polk,2020-09-05,6,241
Polk,2020-09-06,2,243
Polk,2020-09-08,3,246
Polk,2020-09-10,1,247
Polk,2020-09-11,2,249
Polk,2020-09-13,1,250
Polk,2020-09-14,1,251
Polk,2020-09-15,0,251
Polk,2020-09-16,1,252
Polk,2020-09-17,1,253
Polk,2020-09-18,4,257
Polk,2020-09-20,1,258
Polk,2020-09-21,2,260
Polk,2020-09-22,2,262
Polk,2020-09-23,1,263
Polk,2020-09-24,1,264
Polk,2020-09-25,5,269
Polk,2020-09-27,1,270
Polk,2020-09-28,2,272
Polk,2020-09-29,1,273
Polk,2020-09-30,0,273
Polk,2020-10-01,5,278
Polk,2020-10-02,2,280
Polk,2020-10-03,1,281
Polk,2020-10-04,0,281
Polk,2020-10-05,1,282
Polk,2020-10-06,0,282
Polk,2020-10-07,2,284
Polk,2020-10-08,2,286
Polk,2020-10-09,3,289
Polk,2020-10-12,4,293
Polk,2020-10-13,4,297
Polk,2020-10-14,3,300
Polk,2020-10-15,2,302
Polk,2020-10-16,3,305
Polk,2020-10-17,1,306
Polk,2020-10-19,2,308
Polk,2020-10-20,2,310
Polk,2020-10-21,2,312
Polk,2020-10-22,3,315
Polk,2020-10-23,5,320
Polk,2020-10-25,3,323
Polk,2020-10-26,3,326
Polk,2020-10-27,1,327
Polk,2020-10-28,4,331
Polk,2020-10-29,4,335
Polk,2020-10-31,1,336
Polk,2020-11-01,3,339
Polk,2020-11-04,2,341
Polk,2020-11-09,3,344
Polk,2020-11-10,3,347
Polk,2020-11-11,4,351
Polk,2020-11-12,2,353
Polk,2020-11-13,3,356
Polk,2020-11-14,3,359
Polk,2020-11-15,1,360
Polk,2020-11-16,1,361
Polk,2020-11-17,0,361
Polk,2020-11-18,5,366
Polk,2020-11-19,2,368
Polk,2020-11-20,5,373
Polk,2020-11-21,4,377
Polk,2020-11-22,1,378
Polk,2020-11-23,4,382
Polk,2020-11-24,4,386
Polk,2020-11-25,6,392
Polk,2020-11-26,3,395
Polk,2020-11-28,5,400
Polk,2020-11-29,3,403
Polk,2020-11-30,4,407
Polk,2020-12-01,8,415
Polk,2020-12-02,1,416
Polk,2020-12-03,3,419
Polk,2020-12-04,15,434
Polk,2020-12-05,2,436
Polk,2020-12-06,2,438
Polk,2020-12-07,2,440
Polk,2020-12-08,4,444
Polk,2020-12-09,4,448
Polk,2020-12-10,5,453
Polk,2020-12-11,10,463
Polk,2020-12-12,4,467
Polk,2020-12-13,1,468
Polk,2020-12-14,0,468
Polk,2020-12-15,2,470
Randolph,2020-03-22,1,1
Randolph,2020-03-23,1,2
Randolph,2020-03-24,1,3
Randolph,2020-03-26,4,7
Randolph,2020-03-27,2,9
Randolph,2020-03-28,5,14
Randolph,2020-03-29,1,15
Randolph,2020-03-30,3,18
Randolph,2020-04-01,2,20
Randolph,2020-04-03,7,27
Randolph,2020-04-04,3,30
Randolph,2020-04-05,3,33
Randolph,2020-04-06,2,35
Randolph,2020-04-07,3,38
Randolph,2020-04-08,4,42
Randolph,2020-04-09,5,47
Randolph,2020-04-10,2,49
Randolph,2020-04-11,2,51
Randolph,2020-04-12,2,53
Randolph,2020-04-13,2,55
Randolph,2020-04-14,2,57
Randolph,2020-04-15,7,64
Randolph,2020-04-16,2,66
Randolph,2020-04-17,2,68
Randolph,2020-04-18,5,73
Randolph,2020-04-19,2,75
Randolph,2020-04-20,4,79
Randolph,2020-04-21,6,85
Randolph,2020-04-22,13,98
Randolph,2020-04-23,9,107
Randolph,2020-04-24,11,118
Randolph,2020-04-25,14,132
Randolph,2020-04-26,10,142
Randolph,2020-04-27,16,158
Randolph,2020-04-28,14,172
Randolph,2020-04-29,16,188
Randolph,2020-04-30,24,212
Randolph,2020-05-01,12,224
Randolph,2020-05-02,13,237
Randolph,2020-05-03,6,243
Randolph,2020-05-04,13,256
Randolph,2020-05-05,23,279
Randolph,2020-05-06,13,292
Randolph,2020-05-07,18,310
Randolph,2020-05-08,10,320
Randolph,2020-05-09,18,338
Randolph,2020-05-10,14,352
Randolph,2020-05-11,6,358
Randolph,2020-05-12,14,372
Randolph,2020-05-13,24,396
Randolph,2020-05-14,27,423
Randolph,2020-05-15,19,442
Randolph,2020-05-16,17,459
Randolph,2020-05-17,4,463
Randolph,2020-05-18,4,467
Randolph,2020-05-19,18,485
Randolph,2020-05-20,20,505
Randolph,2020-05-21,26,531
Randolph,2020-05-22,22,553
Randolph,2020-05-23,18,571
Randolph,2020-05-24,26,597
Randolph,2020-05-25,23,620
Randolph,2020-05-26,9,629
Randolph,2020-05-27,12,641
Randolph,2020-05-28,17,658
Randolph,2020-05-29,9,667
Randolph,2020-05-30,8,675
Randolph,2020-05-31,8,683
Randolph,2020-06-01,8,691
Randolph,2020-06-02,16,707
Randolph,2020-06-03,30,737
Randolph,2020-06-04,23,760
Randolph,2020-06-05,20,780
Randolph,2020-06-06,15,795
Randolph,2020-06-07,11,806
Randolph,2020-06-08,31,837
Randolph,2020-06-09,17,854
Randolph,2020-06-10,14,868
Randolph,2020-06-11,21,889
Randolph,2020-06-12,24,913
Randolph,2020-06-13,13,926
Randolph,2020-06-14,7,933
Randolph,2020-06-15,21,954
Randolph,2020-06-16,20,974
Randolph,2020-06-17,26,1000
Randolph,2020-06-18,18,1018
Randolph,2020-06-19,19,1037
Randolph,2020-06-20,19,1056
Randolph,2020-06-21,5,1061
Randolph,2020-06-22,11,1072
Randolph,2020-06-23,11,1083
Randolph,2020-06-24,14,1097
Randolph,2020-06-25,22,1119
Randolph,2020-06-26,23,1142
Randolph,2020-06-27,12,1154
Randolph,2020-06-28,8,1162
Randolph,2020-06-29,19,1181
Randolph,2020-06-30,31,1212
Randolph,2020-07-01,24,1236
Randolph,2020-07-02,25,1261
Randolph,2020-07-03,17,1278
Randolph,2020-07-04,29,1307
Randolph,2020-07-05,20,1327
Randolph,2020-07-06,17,1344
Randolph,2020-07-07,27,1371
Randolph,2020-07-08,27,1398
Randolph,2020-07-09,14,1412
Randolph,2020-07-10,37,1449
Randolph,2020-07-11,35,1484
Randolph,2020-07-12,38,1522
Randolph,2020-07-13,32,1554
Randolph,2020-07-14,38,1592
Randolph,2020-07-15,23,1615
Randolph,2020-07-16,31,1646
Randolph,2020-07-17,61,1707
Randolph,2020-07-18,21,1728
Randolph,2020-07-19,30,1758
Randolph,2020-07-20,24,1782
Randolph,2020-07-21,25,1807
Randolph,2020-07-22,31,1838
Randolph,2020-07-23,40,1878
Randolph,2020-07-24,30,1908
Randolph,2020-07-25,12,1920
Randolph,2020-07-26,14,1934
Randolph,2020-07-27,24,1958
Randolph,2020-07-28,12,1970
Randolph,2020-07-29,42,2012
Randolph,2020-07-30,24,2036
Randolph,2020-07-31,24,2060
Randolph,2020-08-01,5,2065
Randolph,2020-08-02,9,2074
Randolph,2020-08-03,14,2088
Randolph,2020-08-04,16,2104
Randolph,2020-08-05,39,2143
Randolph,2020-08-06,19,2162
Randolph,2020-08-07,11,2173
Randolph,2020-08-08,4,2177
Randolph,2020-08-09,6,2183
Randolph,2020-08-10,16,2199
Randolph,2020-08-11,6,2205
Randolph,2020-08-12,13,2218
Randolph,2020-08-13,16,2234
Randolph,2020-08-14,14,2248
Randolph,2020-08-15,8,2256
Randolph,2020-08-16,7,2263
Randolph,2020-08-17,11,2274
Randolph,2020-08-18,11,2285
Randolph,2020-08-19,8,2293
Randolph,2020-08-20,9,2302
Randolph,2020-08-21,11,2313
Randolph,2020-08-22,10,2323
Randolph,2020-08-23,6,2329
Randolph,2020-08-24,8,2337
Randolph,2020-08-25,24,2361
Randolph,2020-08-26,18,2379
Randolph,2020-08-27,19,2398
Randolph,2020-08-28,8,2406
Randolph,2020-08-29,10,2416
Randolph,2020-08-30,8,2424
Randolph,2020-08-31,20,2444
Randolph,2020-09-01,7,2451
Randolph,2020-09-02,15,2466
Randolph,2020-09-03,12,2478
Randolph,2020-09-04,11,2489
Randolph,2020-09-05,5,2494
Randolph,2020-09-06,15,2509
Randolph,2020-09-07,5,2514
Randolph,2020-09-08,14,2528
Randolph,2020-09-09,16,2544
Randolph,2020-09-10,20,2564
Randolph,2020-09-11,12,2576
Randolph,2020-09-12,12,2588
Randolph,2020-09-13,8,2596
Randolph,2020-09-14,21,2617
Randolph,2020-09-15,10,2627
Randolph,2020-09-16,4,2631
Randolph,2020-09-17,9,2640
Randolph,2020-09-18,10,2650
Randolph,2020-09-19,13,2663
Randolph,2020-09-20,18,2681
Randolph,2020-09-21,19,2700
Randolph,2020-09-22,5,2705
Randolph,2020-09-23,15,2720
Randolph,2020-09-24,14,2734
Randolph,2020-09-25,9,2743
Randolph,2020-09-26,14,2757
Randolph,2020-09-27,6,2763
Randolph,2020-09-28,21,2784
Randolph,2020-09-29,12,2796
Randolph,2020-09-30,31,2827
Randolph,2020-10-01,25,2852
Randolph,2020-10-02,40,2892
Randolph,2020-10-03,15,2907
Randolph,2020-10-04,12,2919
Randolph,2020-10-05,19,2938
Randolph,2020-10-06,15,2953
Randolph,2020-10-07,28,2981
Randolph,2020-10-08,40,3021
Randolph,2020-10-09,33,3054
Randolph,2020-10-10,27,3081
Randolph,2020-10-11,18,3099
Randolph,2020-10-12,26,3125
Randolph,2020-10-13,34,3159
Randolph,2020-10-14,37,3196
Randolph,2020-10-15,41,3237
Randolph,2020-10-16,39,3276
Randolph,2020-10-17,17,3293
Randolph,2020-10-18,22,3315
Randolph,2020-10-19,24,3339
Randolph,2020-10-20,16,3355
Randolph,2020-10-21,28,3383
Randolph,2020-10-22,31,3414
Randolph,2020-10-23,21,3435
Randolph,2020-10-24,32,3467
Randolph,2020-10-25,27,3494
Randolph,2020-10-26,16,3510
Randolph,2020-10-27,25,3535
Randolph,2020-10-28,41,3576
Randolph,2020-10-29,37,3613
Randolph,2020-10-30,39,3652
Randolph,2020-10-31,26,3678
Randolph,2020-11-01,31,3709
Randolph,2020-11-02,33,3742
Randolph,2020-11-03,18,3760
Randolph,2020-11-04,47,3807
Randolph,2020-11-05,29,3836
Randolph,2020-11-06,23,3859
Randolph,2020-11-07,51,3910
Randolph,2020-11-08,29,3939
Randolph,2020-11-09,35,3974
Randolph,2020-11-10,37,4011
Randolph,2020-11-11,43,4054
Randolph,2020-11-12,41,4095
Randolph,2020-11-13,35,4130
Randolph,2020-11-14,33,4163
Randolph,2020-11-15,30,4193
Randolph,2020-11-16,37,4230
Randolph,2020-11-17,43,4273
Randolph,2020-11-18,55,4328
Randolph,2020-11-19,44,4372
Randolph,2020-11-20,41,4413
Randolph,2020-11-21,23,4436
Randolph,2020-11-22,32,4468
Randolph,2020-11-23,34,4502
Randolph,2020-11-24,48,4550
Randolph,2020-11-25,53,4603
Randolph,2020-11-26,29,4632
Randolph,2020-11-27,37,4669
Randolph,2020-11-28,22,4691
Randolph,2020-11-29,22,4713
Randolph,2020-11-30,30,4743
Randolph,2020-12-01,38,4781
Randolph,2020-12-02,73,4854
Randolph,2020-12-03,50,4904
Randolph,2020-12-04,59,4963
Randolph,2020-12-05,71,5034
Randolph,2020-12-06,49,5083
Randolph,2020-12-07,48,5131
Randolph,2020-12-08,65,5196
Randolph,2020-12-09,119,5315
Randolph,2020-12-10,69,5384
Randolph,2020-12-11,62,5446
Randolph,2020-12-12,51,5497
Randolph,2020-12-13,36,5533
Randolph,2020-12-14,19,5552
Randolph,2020-12-15,36,5588
Richmond,2020-04-03,1,1
Richmond,2020-04-05,1,2
Richmond,2020-04-09,3,5
Richmond,2020-04-10,2,7
Richmond,2020-04-11,3,10
Richmond,2020-04-13,2,12
Richmond,2020-04-15,3,15
Richmond,2020-04-16,2,17
Richmond,2020-04-17,1,18
Richmond,2020-04-18,1,19
Richmond,2020-04-19,1,20
Richmond,2020-04-20,1,21
Richmond,2020-04-21,1,22
Richmond,2020-04-22,7,29
Richmond,2020-04-23,1,30
Richmond,2020-04-24,6,36
Richmond,2020-04-27,3,39
Richmond,2020-04-28,3,42
Richmond,2020-04-29,5,47
Richmond,2020-04-30,1,48
Richmond,2020-05-01,7,55
Richmond,2020-05-02,2,57
Richmond,2020-05-03,1,58
Richmond,2020-05-04,2,60
Richmond,2020-05-05,7,67
Richmond,2020-05-06,11,78
Richmond,2020-05-08,9,87
Richmond,2020-05-09,1,88
Richmond,2020-05-10,1,89
Richmond,2020-05-11,1,90
Richmond,2020-05-12,6,96
Richmond,2020-05-13,2,98
Richmond,2020-05-14,5,103
Richmond,2020-05-15,8,111
Richmond,2020-05-16,3,114
Richmond,2020-05-19,2,116
Richmond,2020-05-20,13,129
Richmond,2020-05-21,6,135
Richmond,2020-05-22,10,145
Richmond,2020-05-24,3,148
Richmond,2020-05-25,4,152
Richmond,2020-05-27,5,157
Richmond,2020-05-28,1,158
Richmond,2020-05-29,1,159
Richmond,2020-05-30,4,163
Richmond,2020-05-31,1,164
Richmond,2020-06-01,1,165
Richmond,2020-06-02,6,171
Richmond,2020-06-03,3,174
Richmond,2020-06-04,5,179
Richmond,2020-06-05,3,182
Richmond,2020-06-06,3,185
Richmond,2020-06-07,1,186
Richmond,2020-06-09,4,190
Richmond,2020-06-10,2,192
Richmond,2020-06-11,4,196
Richmond,2020-06-12,6,202
Richmond,2020-06-13,6,208
Richmond,2020-06-14,4,212
Richmond,2020-06-15,6,218
Richmond,2020-06-17,4,222
Richmond,2020-06-18,1,223
Richmond,2020-06-19,6,229
Richmond,2020-06-20,2,231
Richmond,2020-06-21,2,233
Richmond,2020-06-23,6,239
Richmond,2020-06-24,7,246
Richmond,2020-06-25,6,252
Richmond,2020-06-26,5,257
Richmond,2020-06-27,14,271
Richmond,2020-06-28,5,276
Richmond,2020-06-29,2,278
Richmond,2020-06-30,11,289
Richmond,2020-07-01,10,299
Richmond,2020-07-02,7,306
Richmond,2020-07-03,4,310
Richmond,2020-07-04,11,321
Richmond,2020-07-05,5,326
Richmond,2020-07-06,1,327
Richmond,2020-07-07,8,335
Richmond,2020-07-08,10,345
Richmond,2020-07-09,7,352
Richmond,2020-07-10,6,358
Richmond,2020-07-11,7,365
Richmond,2020-07-12,6,371
Richmond,2020-07-13,2,373
Richmond,2020-07-14,4,377
Richmond,2020-07-15,8,385
Richmond,2020-07-16,7,392
Richmond,2020-07-17,3,395
Richmond,2020-07-18,4,399
Richmond,2020-07-19,3,402
Richmond,2020-07-20,3,405
Richmond,2020-07-21,3,408
Richmond,2020-07-22,9,417
Richmond,2020-07-23,5,422
Richmond,2020-07-24,12,434
Richmond,2020-07-25,14,448
Richmond,2020-07-26,9,457
Richmond,2020-07-27,7,464
Richmond,2020-07-28,4,468
Richmond,2020-07-29,1,469
Richmond,2020-07-30,5,474
Richmond,2020-07-31,3,477
Richmond,2020-08-01,1,478
Richmond,2020-08-02,3,481
Richmond,2020-08-03,6,487
Richmond,2020-08-04,3,490
Richmond,2020-08-05,7,497
Richmond,2020-08-06,5,502
Richmond,2020-08-07,6,508
Richmond,2020-08-08,5,513
Richmond,2020-08-09,6,519
Richmond,2020-08-10,1,520
Richmond,2020-08-11,12,532
Richmond,2020-08-12,6,538
Richmond,2020-08-13,12,550
Richmond,2020-08-14,9,559
Richmond,2020-08-15,7,566
Richmond,2020-08-16,6,572
Richmond,2020-08-17,6,578
Richmond,2020-08-18,1,579
Richmond,2020-08-19,11,590
Richmond,2020-08-20,10,600
Richmond,2020-08-21,14,614
Richmond,2020-08-22,2,616
Richmond,2020-08-23,10,626
Richmond,2020-08-24,5,631
Richmond,2020-08-25,3,634
Richmond,2020-08-26,13,647
Richmond,2020-08-27,7,654
Richmond,2020-08-28,5,659
Richmond,2020-08-29,7,666
Richmond,2020-08-30,9,675
Richmond,2020-08-31,2,677
Richmond,2020-09-01,6,683
Richmond,2020-09-02,6,689
Richmond,2020-09-03,14,703
Richmond,2020-09-04,10,713
Richmond,2020-09-05,10,723
Richmond,2020-09-06,12,735
Richmond,2020-09-07,6,741
Richmond,2020-09-08,8,749
Richmond,2020-09-09,21,770
Richmond,2020-09-10,22,792
Richmond,2020-09-11,15,807
Richmond,2020-09-12,11,818
Richmond,2020-09-13,17,835
Richmond,2020-09-14,8,843
Richmond,2020-09-15,14,857
Richmond,2020-09-16,12,869
Richmond,2020-09-17,11,880
Richmond,2020-09-18,18,898
Richmond,2020-09-19,5,903
Richmond,2020-09-20,28,931
Richmond,2020-09-21,4,935
Richmond,2020-09-22,6,941
Richmond,2020-09-23,14,955
Richmond,2020-09-24,5,960
Richmond,2020-09-25,15,975
Richmond,2020-09-26,4,979
Richmond,2020-09-27,6,985
Richmond,2020-09-28,4,989
Richmond,2020-09-29,7,996
Richmond,2020-09-30,10,1006
Richmond,2020-10-01,14,1020
Richmond,2020-10-02,10,1030
Richmond,2020-10-03,8,1038
Richmond,2020-10-04,5,1043
Richmond,2020-10-05,6,1049
Richmond,2020-10-06,9,1058
Richmond,2020-10-07,17,1075
Richmond,2020-10-08,10,1085
Richmond,2020-10-09,16,1101
Richmond,2020-10-10,8,1109
Richmond,2020-10-11,3,1112
Richmond,2020-10-12,7,1119
Richmond,2020-10-13,12,1131
Richmond,2020-10-14,21,1152
Richmond,2020-10-15,13,1165
Richmond,2020-10-16,9,1174
Richmond,2020-10-17,5,1179
Richmond,2020-10-18,58,1237
Richmond,2020-10-19,8,1245
Richmond,2020-10-20,8,1253
Richmond,2020-10-21,8,1261
Richmond,2020-10-22,13,1274
Richmond,2020-10-23,5,1279
Richmond,2020-10-24,5,1284
Richmond,2020-10-25,2,1286
Richmond,2020-10-26,4,1290
Richmond,2020-10-27,14,1304
Richmond,2020-10-28,12,1316
Richmond,2020-10-29,7,1323
Richmond,2020-10-30,8,1331
Richmond,2020-10-31,9,1340
Richmond,2020-11-01,11,1351
Richmond,2020-11-02,2,1353
Richmond,2020-11-03,15,1368
Richmond,2020-11-04,8,1376
Richmond,2020-11-05,11,1387
Richmond,2020-11-06,9,1396
Richmond,2020-11-07,10,1406
Richmond,2020-11-08,2,1408
Richmond,2020-11-09,7,1415
Richmond,2020-11-10,9,1424
Richmond,2020-11-11,22,1446
Richmond,2020-11-12,15,1461
Richmond,2020-11-13,16,1477
Richmond,2020-11-14,16,1493
Richmond,2020-11-15,21,1514
Richmond,2020-11-16,11,1525
Richmond,2020-11-17,9,1534
Richmond,2020-11-18,15,1549
Richmond,2020-11-19,12,1561
Richmond,2020-11-20,16,1577
Richmond,2020-11-21,9,1586
Richmond,2020-11-22,8,1594
Richmond,2020-11-23,9,1603
Richmond,2020-11-24,20,1623
Richmond,2020-11-25,8,1631
Richmond,2020-11-26,6,1637
Richmond,2020-11-27,11,1648
Richmond,2020-11-28,5,1653
Richmond,2020-11-29,6,1659
Richmond,2020-11-30,9,1668
Richmond,2020-12-01,35,1703
Richmond,2020-12-02,19,1722
Richmond,2020-12-03,17,1739
Richmond,2020-12-04,29,1768
Richmond,2020-12-05,35,1803
Richmond,2020-12-06,19,1822
Richmond,2020-12-07,23,1845
Richmond,2020-12-08,39,1884
Richmond,2020-12-09,28,1912
Richmond,2020-12-10,24,1936
Richmond,2020-12-11,18,1954
Richmond,2020-12-12,16,1970
Richmond,2020-12-13,26,1996
Richmond,2020-12-14,18,2014
Richmond,2020-12-15,19,2033
Robeson,2020-03-21,1,1
Robeson,2020-03-24,1,2
Robeson,2020-03-31,1,3
Robeson,2020-04-04,2,5
Robeson,2020-04-06,1,6
Robeson,2020-04-08,1,7
Robeson,2020-04-11,1,8
Robeson,2020-04-13,3,11
Robeson,2020-04-15,1,12
Robeson,2020-04-16,4,16
Robeson,2020-04-17,3,19
Robeson,2020-04-18,3,22
Robeson,2020-04-19,4,26
Robeson,2020-04-20,8,34
Robeson,2020-04-21,10,44
Robeson,2020-04-22,22,66
Robeson,2020-04-23,30,96
Robeson,2020-04-24,4,100
Robeson,2020-04-25,6,106
Robeson,2020-04-26,20,126
Robeson,2020-04-27,18,144
Robeson,2020-04-28,21,165
Robeson,2020-04-29,23,188
Robeson,2020-04-30,22,210
Robeson,2020-05-01,42,252
Robeson,2020-05-02,4,256
Robeson,2020-05-03,8,264
Robeson,2020-05-04,26,290
Robeson,2020-05-05,22,312
Robeson,2020-05-06,20,332
Robeson,2020-05-07,24,356
Robeson,2020-05-08,32,388
Robeson,2020-05-09,18,406
Robeson,2020-05-10,3,409
Robeson,2020-05-11,28,437
Robeson,2020-05-12,13,450
Robeson,2020-05-13,46,496
Robeson,2020-05-14,38,534
Robeson,2020-05-15,12,546
Robeson,2020-05-16,6,552
Robeson,2020-05-17,1,553
Robeson,2020-05-18,32,585
Robeson,2020-05-19,19,604
Robeson,2020-05-20,35,639
Robeson,2020-05-21,29,668
Robeson,2020-05-22,25,693
Robeson,2020-05-23,3,696
Robeson,2020-05-24,11,707
Robeson,2020-05-25,12,719
Robeson,2020-05-26,28,747
Robeson,2020-05-27,33,780
Robeson,2020-05-28,50,830
Robeson,2020-05-29,20,850
Robeson,2020-05-30,14,864
Robeson,2020-05-31,6,870
Robeson,2020-06-01,35,905
Robeson,2020-06-02,3,908
Robeson,2020-06-03,27,935
Robeson,2020-06-04,18,953
Robeson,2020-06-05,27,980
Robeson,2020-06-06,4,984
Robeson,2020-06-07,16,1000
Robeson,2020-06-08,26,1026
Robeson,2020-06-09,15,1041
Robeson,2020-06-10,20,1061
Robeson,2020-06-11,12,1073
Robeson,2020-06-12,16,1089
Robeson,2020-06-13,5,1094
Robeson,2020-06-14,4,1098
Robeson,2020-06-15,34,1132
Robeson,2020-06-16,19,1151
Robeson,2020-06-17,5,1156
Robeson,2020-06-18,20,1176
Robeson,2020-06-19,31,1207
Robeson,2020-06-20,6,1213
Robeson,2020-06-21,1,1214
Robeson,2020-06-22,14,1228
Robeson,2020-06-23,14,1242
Robeson,2020-06-24,7,1249
Robeson,2020-06-25,11,1260
Robeson,2020-06-26,10,1270
Robeson,2020-06-27,15,1285
Robeson,2020-06-28,3,1288
Robeson,2020-06-29,26,1314
Robeson,2020-06-30,11,1325
Robeson,2020-07-01,45,1370
Robeson,2020-07-02,19,1389
Robeson,2020-07-03,2,1391
Robeson,2020-07-04,9,1400
Robeson,2020-07-05,8,1408
Robeson,2020-07-06,74,1482
Robeson,2020-07-07,28,1510
Robeson,2020-07-08,68,1578
Robeson,2020-07-09,30,1608
Robeson,2020-07-10,36,1644
Robeson,2020-07-11,14,1658
Robeson,2020-07-12,8,1666
Robeson,2020-07-13,62,1728
Robeson,2020-07-14,45,1773
Robeson,2020-07-15,31,1804
Robeson,2020-07-16,62,1866
Robeson,2020-07-17,66,1932
Robeson,2020-07-18,27,1959
Robeson,2020-07-19,15,1974
Robeson,2020-07-20,24,1998
Robeson,2020-07-21,25,2023
Robeson,2020-07-22,52,2075
Robeson,2020-07-23,45,2120
Robeson,2020-07-24,56,2176
Robeson,2020-07-25,77,2253
Robeson,2020-07-26,144,2397
Robeson,2020-07-27,64,2461
Robeson,2020-07-28,7,2468
Robeson,2020-07-29,70,2538
Robeson,2020-07-30,34,2572
Robeson,2020-07-31,42,2614
Robeson,2020-08-01,29,2643
Robeson,2020-08-02,22,2665
Robeson,2020-08-03,24,2689
Robeson,2020-08-04,31,2720
Robeson,2020-08-05,15,2735
Robeson,2020-08-06,46,2781
Robeson,2020-08-07,18,2799
Robeson,2020-08-08,22,2821
Robeson,2020-08-09,17,2838
Robeson,2020-08-10,27,2865
Robeson,2020-08-11,17,2882
Robeson,2020-08-12,16,2898
Robeson,2020-08-13,92,2990
Robeson,2020-08-14,54,3044
Robeson,2020-08-15,26,3070
Robeson,2020-08-16,16,3086
Robeson,2020-08-17,26,3112
Robeson,2020-08-18,35,3147
Robeson,2020-08-19,34,3181
Robeson,2020-08-20,34,3215
Robeson,2020-08-21,40,3255
Robeson,2020-08-22,17,3272
Robeson,2020-08-23,13,3285
Robeson,2020-08-24,38,3323
Robeson,2020-08-25,57,3380
Robeson,2020-08-26,58,3438
Robeson,2020-08-27,46,3484
Robeson,2020-08-28,66,3550
Robeson,2020-08-29,30,3580
Robeson,2020-08-30,36,3616
Robeson,2020-08-31,49,3665
Robeson,2020-09-01,24,3689
Robeson,2020-09-02,101,3790
Robeson,2020-09-03,28,3818
Robeson,2020-09-04,44,3862
Robeson,2020-09-05,23,3885
Robeson,2020-09-06,14,3899
Robeson,2020-09-07,15,3914
Robeson,2020-09-08,21,3935
Robeson,2020-09-09,52,3987
Robeson,2020-09-10,35,4022
Robeson,2020-09-11,40,4062
Robeson,2020-09-12,15,4077
Robeson,2020-09-13,5,4082
Robeson,2020-09-14,26,4108
Robeson,2020-09-15,43,4151
Robeson,2020-09-16,51,4202
Robeson,2020-09-17,28,4230
Robeson,2020-09-18,16,4246
Robeson,2020-09-19,15,4261
Robeson,2020-09-20,20,4281
Robeson,2020-09-21,14,4295
Robeson,2020-09-22,18,4313
Robeson,2020-09-23,37,4350
Robeson,2020-09-24,42,4392
Robeson,2020-09-25,39,4431
Robeson,2020-09-26,23,4454
Robeson,2020-09-27,10,4464
Robeson,2020-09-28,29,4493
Robeson,2020-09-29,54,4547
Robeson,2020-09-30,44,4591
Robeson,2020-10-01,48,4639
Robeson,2020-10-02,57,4696
Robeson,2020-10-03,44,4740
Robeson,2020-10-04,25,4765
Robeson,2020-10-05,41,4806
Robeson,2020-10-06,61,4867
Robeson,2020-10-07,66,4933
Robeson,2020-10-08,47,4980
Robeson,2020-10-09,58,5038
Robeson,2020-10-10,59,5097
Robeson,2020-10-11,12,5109
Robeson,2020-10-12,52,5161
Robeson,2020-10-13,69,5230
Robeson,2020-10-14,62,5292
Robeson,2020-10-15,63,5355
Robeson,2020-10-16,44,5399
Robeson,2020-10-17,25,5424
Robeson,2020-10-18,21,5445
Robeson,2020-10-19,28,5473
Robeson,2020-10-20,38,5511
Robeson,2020-10-21,53,5564
Robeson,2020-10-22,67,5631
Robeson,2020-10-23,35,5666
Robeson,2020-10-24,27,5693
Robeson,2020-10-25,62,5755
Robeson,2020-10-26,18,5773
Robeson,2020-10-27,35,5808
Robeson,2020-10-28,41,5849
Robeson,2020-10-29,25,5874
Robeson,2020-10-30,40,5914
Robeson,2020-10-31,47,5961
Robeson,2020-11-01,16,5977
Robeson,2020-11-02,38,6015
Robeson,2020-11-03,53,6068
Robeson,2020-11-04,63,6131
Robeson,2020-11-05,46,6177
Robeson,2020-11-06,32,6209
Robeson,2020-11-07,26,6235
Robeson,2020-11-08,17,6252
Robeson,2020-11-09,18,6270
Robeson,2020-11-10,42,6312
Robeson,2020-11-11,34,6346
Robeson,2020-11-12,41,6387
Robeson,2020-11-13,16,6403
Robeson,2020-11-14,30,6433
Robeson,2020-11-15,22,6455
Robeson,2020-11-16,34,6489
Robeson,2020-11-17,51,6540
Robeson,2020-11-18,51,6591
Robeson,2020-11-19,69,6660
Robeson,2020-11-20,18,6678
Robeson,2020-11-21,20,6698
Robeson,2020-11-22,21,6719
Robeson,2020-11-23,46,6765
Robeson,2020-11-24,52,6817
Robeson,2020-11-25,55,6872
Robeson,2020-11-26,43,6915
Robeson,2020-11-27,18,6933
Robeson,2020-11-28,15,6948
Robeson,2020-11-29,18,6966
Robeson,2020-11-30,23,6989
Robeson,2020-12-01,32,7021
Robeson,2020-12-02,38,7059
Robeson,2020-12-03,65,7124
Robeson,2020-12-04,75,7199
Robeson,2020-12-05,57,7256
Robeson,2020-12-06,31,7287
Robeson,2020-12-07,37,7324
Robeson,2020-12-08,69,7393
Robeson,2020-12-09,100,7493
Robeson,2020-12-10,59,7552
Robeson,2020-12-11,43,7595
Robeson,2020-12-12,55,7650
Robeson,2020-12-13,42,7692
Robeson,2020-12-14,31,7723
Robeson,2020-12-15,62,7785
Rockingham,2020-03-27,1,1
Rockingham,2020-03-31,1,2
Rockingham,2020-04-02,1,3
Rockingham,2020-04-03,2,5
Rockingham,2020-04-04,1,6
Rockingham,2020-04-05,1,7
Rockingham,2020-04-07,1,8
Rockingham,2020-04-08,1,9
Rockingham,2020-04-09,3,12
Rockingham,2020-04-10,2,14
Rockingham,2020-04-14,2,16
Rockingham,2020-04-18,2,18
Rockingham,2020-04-19,1,19
Rockingham,2020-04-20,1,20
Rockingham,2020-04-21,1,21
Rockingham,2020-04-24,2,23
Rockingham,2020-04-26,1,24
Rockingham,2020-04-27,1,25
Rockingham,2020-04-28,1,26
Rockingham,2020-04-29,1,27
Rockingham,2020-04-30,1,28
Rockingham,2020-05-01,1,29
Rockingham,2020-05-02,1,30
Rockingham,2020-05-03,1,31
Rockingham,2020-05-05,2,33
Rockingham,2020-05-06,4,37
Rockingham,2020-05-07,1,38
Rockingham,2020-05-08,1,39
Rockingham,2020-05-09,1,40
Rockingham,2020-05-10,2,42
Rockingham,2020-05-11,2,44
Rockingham,2020-05-13,2,46
Rockingham,2020-05-16,2,48
Rockingham,2020-05-17,2,50
Rockingham,2020-05-18,1,51
Rockingham,2020-05-19,1,52
Rockingham,2020-05-20,2,54
Rockingham,2020-05-21,9,63
Rockingham,2020-05-22,8,71
Rockingham,2020-05-23,5,76
Rockingham,2020-05-24,2,78
Rockingham,2020-05-26,5,83
Rockingham,2020-05-27,1,84
Rockingham,2020-05-28,1,85
Rockingham,2020-05-29,11,96
Rockingham,2020-05-30,1,97
Rockingham,2020-05-31,3,100
Rockingham,2020-06-01,1,101
Rockingham,2020-06-02,2,103
Rockingham,2020-06-03,3,106
Rockingham,2020-06-04,1,107
Rockingham,2020-06-05,4,111
Rockingham,2020-06-06,4,115
Rockingham,2020-06-07,2,117
Rockingham,2020-06-08,1,118
Rockingham,2020-06-09,2,120
Rockingham,2020-06-10,6,126
Rockingham,2020-06-11,4,130
Rockingham,2020-06-12,4,134
Rockingham,2020-06-13,3,137
Rockingham,2020-06-14,3,140
Rockingham,2020-06-15,2,142
Rockingham,2020-06-16,4,146
Rockingham,2020-06-17,4,150
Rockingham,2020-06-18,8,158
Rockingham,2020-06-19,4,162
Rockingham,2020-06-20,3,165
Rockingham,2020-06-21,3,168
Rockingham,2020-06-22,6,174
Rockingham,2020-06-23,3,177
Rockingham,2020-06-24,5,182
Rockingham,2020-06-25,13,195
Rockingham,2020-06-26,19,214
Rockingham,2020-06-27,9,223
Rockingham,2020-06-28,4,227
Rockingham,2020-06-29,5,232
Rockingham,2020-06-30,3,235
Rockingham,2020-07-01,1,236
Rockingham,2020-07-02,5,241
Rockingham,2020-07-03,17,258
Rockingham,2020-07-04,3,261
Rockingham,2020-07-05,6,267
Rockingham,2020-07-06,2,269
Rockingham,2020-07-07,10,279
Rockingham,2020-07-08,7,286
Rockingham,2020-07-09,4,290
Rockingham,2020-07-10,3,293
Rockingham,2020-07-11,3,296
Rockingham,2020-07-12,10,306
Rockingham,2020-07-13,6,312
Rockingham,2020-07-14,12,324
Rockingham,2020-07-15,7,331
Rockingham,2020-07-16,5,336
Rockingham,2020-07-17,14,350
Rockingham,2020-07-18,5,355
Rockingham,2020-07-19,7,362
Rockingham,2020-07-20,4,366
Rockingham,2020-07-21,13,379
Rockingham,2020-07-22,10,389
Rockingham,2020-07-23,6,395
Rockingham,2020-07-24,8,403
Rockingham,2020-07-25,3,406
Rockingham,2020-07-26,7,413
Rockingham,2020-07-27,11,424
Rockingham,2020-07-28,7,431
Rockingham,2020-07-29,10,441
Rockingham,2020-07-30,11,452
Rockingham,2020-07-31,10,462
Rockingham,2020-08-01,8,470
Rockingham,2020-08-02,12,482
Rockingham,2020-08-03,5,487
Rockingham,2020-08-04,5,492
Rockingham,2020-08-05,18,510
Rockingham,2020-08-06,20,530
Rockingham,2020-08-07,10,540
Rockingham,2020-08-08,8,548
Rockingham,2020-08-09,3,551
Rockingham,2020-08-10,2,553
Rockingham,2020-08-11,9,562
Rockingham,2020-08-12,11,573
Rockingham,2020-08-13,6,579
Rockingham,2020-08-14,10,589
Rockingham,2020-08-15,12,601
Rockingham,2020-08-16,27,628
Rockingham,2020-08-17,4,632
Rockingham,2020-08-18,12,644
Rockingham,2020-08-19,18,662
Rockingham,2020-08-20,15,677
Rockingham,2020-08-21,15,692
Rockingham,2020-08-22,14,706
Rockingham,2020-08-23,11,717
Rockingham,2020-08-24,8,725
Rockingham,2020-08-25,14,739
Rockingham,2020-08-26,34,773
Rockingham,2020-08-27,31,804
Rockingham,2020-08-28,5,809
Rockingham,2020-08-29,22,831
Rockingham,2020-08-30,33,864
Rockingham,2020-08-31,6,870
Rockingham,2020-09-01,7,877
Rockingham,2020-09-02,61,938
Rockingham,2020-09-03,28,966
Rockingham,2020-09-04,12,978
Rockingham,2020-09-05,7,985
Rockingham,2020-09-06,10,995
Rockingham,2020-09-07,8,1003
Rockingham,2020-09-08,3,1006
Rockingham,2020-09-09,11,1017
Rockingham,2020-09-10,29,1046
Rockingham,2020-09-11,11,1057
Rockingham,2020-09-12,6,1063
Rockingham,2020-09-13,9,1072
Rockingham,2020-09-14,7,1079
Rockingham,2020-09-15,8,1087
Rockingham,2020-09-16,9,1096
Rockingham,2020-09-17,21,1117
Rockingham,2020-09-18,23,1140
Rockingham,2020-09-19,13,1153
Rockingham,2020-09-20,10,1163
Rockingham,2020-09-21,6,1169
Rockingham,2020-09-22,2,1171
Rockingham,2020-09-23,17,1188
Rockingham,2020-09-24,21,1209
Rockingham,2020-09-25,32,1241
Rockingham,2020-09-26,17,1258
Rockingham,2020-09-27,15,1273
Rockingham,2020-09-28,11,1284
Rockingham,2020-09-29,13,1297
Rockingham,2020-09-30,29,1326
Rockingham,2020-10-01,29,1355
Rockingham,2020-10-02,40,1395
Rockingham,2020-10-03,22,1417
Rockingham,2020-10-04,9,1426
Rockingham,2020-10-05,12,1438
Rockingham,2020-10-06,11,1449
Rockingham,2020-10-07,18,1467
Rockingham,2020-10-08,33,1500
Rockingham,2020-10-09,33,1533
Rockingham,2020-10-10,35,1568
Rockingham,2020-10-11,13,1581
Rockingham,2020-10-12,13,1594
Rockingham,2020-10-13,14,1608
Rockingham,2020-10-14,27,1635
Rockingham,2020-10-15,40,1675
Rockingham,2020-10-16,23,1698
Rockingham,2020-10-17,45,1743
Rockingham,2020-10-18,12,1755
Rockingham,2020-10-19,7,1762
Rockingham,2020-10-20,7,1769
Rockingham,2020-10-21,27,1796
Rockingham,2020-10-22,62,1858
Rockingham,2020-10-23,32,1890
Rockingham,2020-10-24,26,1916
Rockingham,2020-10-25,27,1943
Rockingham,2020-10-26,17,1960
Rockingham,2020-10-27,17,1977
Rockingham,2020-10-28,36,2013
Rockingham,2020-10-29,66,2079
Rockingham,2020-10-30,51,2130
Rockingham,2020-10-31,29,2159
Rockingham,2020-11-01,15,2174
Rockingham,2020-11-02,35,2209
Rockingham,2020-11-03,18,2227
Rockingham,2020-11-04,47,2274
Rockingham,2020-11-05,46,2320
Rockingham,2020-11-06,33,2353
Rockingham,2020-11-07,39,2392
Rockingham,2020-11-08,25,2417
Rockingham,2020-11-09,16,2433
Rockingham,2020-11-10,18,2451
Rockingham,2020-11-11,28,2479
Rockingham,2020-11-12,28,2507
Rockingham,2020-11-13,34,2541
Rockingham,2020-11-14,26,2567
Rockingham,2020-11-15,23,2590
Rockingham,2020-11-16,47,2637
Rockingham,2020-11-17,19,2656
Rockingham,2020-11-18,46,2702
Rockingham,2020-11-19,54,2756
Rockingham,2020-11-20,46,2802
Rockingham,2020-11-21,19,2821
Rockingham,2020-11-22,44,2865
Rockingham,2020-11-23,45,2910
Rockingham,2020-11-24,36,2946
Rockingham,2020-11-25,51,2997
Rockingham,2020-11-26,41,3038
Rockingham,2020-11-27,33,3071
Rockingham,2020-11-28,23,3094
Rockingham,2020-11-29,15,3109
Rockingham,2020-11-30,16,3125
Rockingham,2020-12-01,35,3160
Rockingham,2020-12-02,30,3190
Rockingham,2020-12-03,61,3251
Rockingham,2020-12-04,41,3292
Rockingham,2020-12-05,53,3345
Rockingham,2020-12-06,27,3372
Rockingham,2020-12-07,35,3407
Rockingham,2020-12-08,60,3467
Rockingham,2020-12-09,42,3509
Rockingham,2020-12-10,63,3572
Rockingham,2020-12-11,50,3622
Rockingham,2020-12-12,60,3682
Rockingham,2020-12-13,21,3703
Rockingham,2020-12-14,17,3720
Rockingham,2020-12-15,32,3752
Rowan,2020-03-18,1,1
Rowan,2020-03-19,1,2
Rowan,2020-03-21,1,3
Rowan,2020-03-23,2,5
Rowan,2020-03-24,1,6
Rowan,2020-03-26,4,10
Rowan,2020-03-27,4,14
Rowan,2020-03-29,3,17
Rowan,2020-03-30,5,22
Rowan,2020-03-31,2,24
Rowan,2020-04-01,8,32
Rowan,2020-04-02,4,36
Rowan,2020-04-03,8,44
Rowan,2020-04-04,4,48
Rowan,2020-04-05,5,53
Rowan,2020-04-06,7,60
Rowan,2020-04-07,2,62
Rowan,2020-04-08,7,69
Rowan,2020-04-09,5,74
Rowan,2020-04-10,17,91
Rowan,2020-04-11,8,99
Rowan,2020-04-12,95,194
Rowan,2020-04-13,20,214
Rowan,2020-04-14,3,217
Rowan,2020-04-15,10,227
Rowan,2020-04-16,4,231
Rowan,2020-04-17,15,246
Rowan,2020-04-18,1,247
Rowan,2020-04-19,4,251
Rowan,2020-04-20,6,257
Rowan,2020-04-21,21,278
Rowan,2020-04-22,7,285
Rowan,2020-04-23,30,315
Rowan,2020-04-24,13,328
Rowan,2020-04-25,16,344
Rowan,2020-04-26,2,346
Rowan,2020-04-27,10,356
Rowan,2020-04-28,10,366
Rowan,2020-04-29,2,368
Rowan,2020-04-30,9,377
Rowan,2020-05-01,5,382
Rowan,2020-05-02,14,396
Rowan,2020-05-03,2,398
Rowan,2020-05-04,13,411
Rowan,2020-05-05,29,440
Rowan,2020-05-06,2,442
Rowan,2020-05-07,23,465
Rowan,2020-05-08,7,472
Rowan,2020-05-09,3,475
Rowan,2020-05-10,4,479
Rowan,2020-05-11,5,484
Rowan,2020-05-12,11,495
Rowan,2020-05-13,9,504
Rowan,2020-05-14,7,511
Rowan,2020-05-15,8,519
Rowan,2020-05-16,2,521
Rowan,2020-05-17,5,526
Rowan,2020-05-18,24,550
Rowan,2020-05-19,11,561
Rowan,2020-05-20,9,570
Rowan,2020-05-21,14,584
Rowan,2020-05-22,18,602
Rowan,2020-05-23,5,607
Rowan,2020-05-24,2,609
Rowan,2020-05-25,1,610
Rowan,2020-05-26,4,614
Rowan,2020-05-27,2,616
Rowan,2020-05-28,12,628
Rowan,2020-05-29,9,637
Rowan,2020-05-30,8,645
Rowan,2020-05-31,28,673
Rowan,2020-06-01,5,678
Rowan,2020-06-02,12,690
Rowan,2020-06-03,19,709
Rowan,2020-06-04,15,724
Rowan,2020-06-05,12,736
Rowan,2020-06-06,28,764
Rowan,2020-06-07,13,777
Rowan,2020-06-08,7,784
Rowan,2020-06-09,19,803
Rowan,2020-06-10,14,817
Rowan,2020-06-11,33,850
Rowan,2020-06-12,28,878
Rowan,2020-06-13,22,900
Rowan,2020-06-14,18,918
Rowan,2020-06-15,13,931
Rowan,2020-06-16,9,940
Rowan,2020-06-17,20,960
Rowan,2020-06-18,27,987
Rowan,2020-06-19,17,1004
Rowan,2020-06-20,18,1022
Rowan,2020-06-21,14,1036
Rowan,2020-06-22,13,1049
Rowan,2020-06-23,33,1082
Rowan,2020-06-24,16,1098
Rowan,2020-06-25,26,1124
Rowan,2020-06-26,19,1143
Rowan,2020-06-27,28,1171
Rowan,2020-06-28,23,1194
Rowan,2020-06-29,14,1208
Rowan,2020-06-30,14,1222
Rowan,2020-07-01,20,1242
Rowan,2020-07-02,41,1283
Rowan,2020-07-03,20,1303
Rowan,2020-07-04,24,1327
Rowan,2020-07-05,31,1358
Rowan,2020-07-06,14,1372
Rowan,2020-07-07,17,1389
Rowan,2020-07-08,47,1436
Rowan,2020-07-09,21,1457
Rowan,2020-07-10,33,1490
Rowan,2020-07-11,22,1512
Rowan,2020-07-12,26,1538
Rowan,2020-07-13,27,1565
Rowan,2020-07-14,22,1587
Rowan,2020-07-15,27,1614
Rowan,2020-07-16,42,1656
Rowan,2020-07-17,25,1681
Rowan,2020-07-18,30,1711
Rowan,2020-07-19,9,1720
Rowan,2020-07-20,25,1745
Rowan,2020-07-21,21,1766
Rowan,2020-07-22,34,1800
Rowan,2020-07-23,27,1827
Rowan,2020-07-24,22,1849
Rowan,2020-07-25,17,1866
Rowan,2020-07-26,19,1885
Rowan,2020-07-27,24,1909
Rowan,2020-07-28,15,1924
Rowan,2020-07-29,29,1953
Rowan,2020-07-30,20,1973
Rowan,2020-07-31,25,1998
Rowan,2020-08-01,31,2029
Rowan,2020-08-02,24,2053
Rowan,2020-08-03,19,2072
Rowan,2020-08-04,17,2089
Rowan,2020-08-05,44,2133
Rowan,2020-08-06,30,2163
Rowan,2020-08-07,23,2186
Rowan,2020-08-08,31,2217
Rowan,2020-08-09,9,2226
Rowan,2020-08-10,20,2246
Rowan,2020-08-11,28,2274
Rowan,2020-08-12,35,2309
Rowan,2020-08-13,16,2325
Rowan,2020-08-14,28,2353
Rowan,2020-08-15,18,2371
Rowan,2020-08-16,9,2380
Rowan,2020-08-17,25,2405
Rowan,2020-08-18,21,2426
Rowan,2020-08-19,31,2457
Rowan,2020-08-20,30,2487
Rowan,2020-08-21,35,2522
Rowan,2020-08-22,52,2574
Rowan,2020-08-23,19,2593
Rowan,2020-08-24,40,2633
Rowan,2020-08-25,11,2644
Rowan,2020-08-26,72,2716
Rowan,2020-08-27,23,2739
Rowan,2020-08-28,23,2762
Rowan,2020-08-29,26,2788
Rowan,2020-08-30,18,2806
Rowan,2020-08-31,24,2830
Rowan,2020-09-01,19,2849
Rowan,2020-09-02,24,2873
Rowan,2020-09-03,19,2892
Rowan,2020-09-04,22,2914
Rowan,2020-09-05,23,2937
Rowan,2020-09-06,15,2952
Rowan,2020-09-07,13,2965
Rowan,2020-09-08,17,2982
Rowan,2020-09-09,11,2993
Rowan,2020-09-10,20,3013
Rowan,2020-09-11,16,3029
Rowan,2020-09-12,20,3049
Rowan,2020-09-13,12,3061
Rowan,2020-09-14,13,3074
Rowan,2020-09-15,15,3089
Rowan,2020-09-16,27,3116
Rowan,2020-09-17,23,3139
Rowan,2020-09-18,29,3168
Rowan,2020-09-19,19,3187
Rowan,2020-09-20,13,3200
Rowan,2020-09-21,14,3214
Rowan,2020-09-22,22,3236
Rowan,2020-09-23,27,3263
Rowan,2020-09-24,27,3290
Rowan,2020-09-25,18,3308
Rowan,2020-09-26,26,3334
Rowan,2020-09-27,10,3344
Rowan,2020-09-28,22,3366
Rowan,2020-09-29,33,3399
Rowan,2020-09-30,57,3456
Rowan,2020-10-01,21,3477
Rowan,2020-10-02,37,3514
Rowan,2020-10-03,23,3537
Rowan,2020-10-04,18,3555
Rowan,2020-10-05,9,3564
Rowan,2020-10-06,23,3587
Rowan,2020-10-07,31,3618
Rowan,2020-10-08,29,3647
Rowan,2020-10-09,29,3676
Rowan,2020-10-10,20,3696
Rowan,2020-10-11,9,3705
Rowan,2020-10-12,12,3717
Rowan,2020-10-13,25,3742
Rowan,2020-10-14,36,3778
Rowan,2020-10-15,25,3803
Rowan,2020-10-16,18,3821
Rowan,2020-10-17,30,3851
Rowan,2020-10-18,14,3865
Rowan,2020-10-19,25,3890
Rowan,2020-10-20,18,3908
Rowan,2020-10-21,28,3936
Rowan,2020-10-22,20,3956
Rowan,2020-10-23,19,3975
Rowan,2020-10-24,23,3998
Rowan,2020-10-25,14,4012
Rowan,2020-10-26,13,4025
Rowan,2020-10-27,23,4048
Rowan,2020-10-28,63,4111
Rowan,2020-10-29,37,4148
Rowan,2020-10-30,26,4174
Rowan,2020-10-31,46,4220
Rowan,2020-11-01,17,4237
Rowan,2020-11-02,27,4264
Rowan,2020-11-03,52,4316
Rowan,2020-11-04,31,4347
Rowan,2020-11-05,39,4386
Rowan,2020-11-06,38,4424
Rowan,2020-11-07,66,4490
Rowan,2020-11-08,22,4512
Rowan,2020-11-09,22,4534
Rowan,2020-11-10,55,4589
Rowan,2020-11-11,65,4654
Rowan,2020-11-12,52,4706
Rowan,2020-11-13,60,4766
Rowan,2020-11-14,48,4814
Rowan,2020-11-15,47,4861
Rowan,2020-11-16,44,4905
Rowan,2020-11-17,57,4962
Rowan,2020-11-18,61,5023
Rowan,2020-11-19,53,5076
Rowan,2020-11-20,67,5143
Rowan,2020-11-21,83,5226
Rowan,2020-11-22,38,5264
Rowan,2020-11-23,40,5304
Rowan,2020-11-24,71,5375
Rowan,2020-11-25,82,5457
Rowan,2020-11-26,52,5509
Rowan,2020-11-27,54,5563
Rowan,2020-11-28,71,5634
Rowan,2020-11-29,47,5681
Rowan,2020-11-30,45,5726
Rowan,2020-12-01,80,5806
Rowan,2020-12-02,115,5921
Rowan,2020-12-03,109,6030
Rowan,2020-12-04,80,6110
Rowan,2020-12-05,123,6233
Rowan,2020-12-06,95,6328
Rowan,2020-12-07,60,6388
Rowan,2020-12-08,89,6477
Rowan,2020-12-09,123,6600
Rowan,2020-12-10,123,6723
Rowan,2020-12-11,141,6864
Rowan,2020-12-12,78,6942
Rowan,2020-12-13,64,7006
Rowan,2020-12-14,71,7077
Rowan,2020-12-15,71,7148
Rutherford,2020-03-30,2,2
Rutherford,2020-03-31,5,7
Rutherford,2020-04-01,2,9
Rutherford,2020-04-03,3,12
Rutherford,2020-04-04,2,14
Rutherford,2020-04-05,1,15
Rutherford,2020-04-06,4,19
Rutherford,2020-04-07,4,23
Rutherford,2020-04-08,5,28
Rutherford,2020-04-09,1,29
Rutherford,2020-04-10,8,37
Rutherford,2020-04-11,1,38
Rutherford,2020-04-12,1,39
Rutherford,2020-04-13,4,43
Rutherford,2020-04-14,2,45
Rutherford,2020-04-15,8,53
Rutherford,2020-04-16,6,59
Rutherford,2020-04-17,6,65
Rutherford,2020-04-18,9,74
Rutherford,2020-04-19,5,79
Rutherford,2020-04-20,1,80
Rutherford,2020-04-22,12,92
Rutherford,2020-04-23,12,104
Rutherford,2020-04-24,5,109
Rutherford,2020-04-25,8,117
Rutherford,2020-04-26,2,119
Rutherford,2020-04-28,2,121
Rutherford,2020-04-29,18,139
Rutherford,2020-04-30,1,140
Rutherford,2020-05-01,2,142
Rutherford,2020-05-02,1,143
Rutherford,2020-05-03,2,145
Rutherford,2020-05-05,1,146
Rutherford,2020-05-06,1,147
Rutherford,2020-05-07,1,148
Rutherford,2020-05-08,2,150
Rutherford,2020-05-10,1,151
Rutherford,2020-05-16,1,152
Rutherford,2020-05-17,2,154
Rutherford,2020-05-20,4,158
Rutherford,2020-05-21,1,159
Rutherford,2020-05-22,1,160
Rutherford,2020-05-23,4,164
Rutherford,2020-05-24,4,168
Rutherford,2020-05-25,2,170
Rutherford,2020-05-26,2,172
Rutherford,2020-05-27,1,173
Rutherford,2020-05-28,2,175
Rutherford,2020-05-29,6,181
Rutherford,2020-05-30,2,183
Rutherford,2020-06-01,4,187
Rutherford,2020-06-02,1,188
Rutherford,2020-06-03,2,190
Rutherford,2020-06-04,4,194
Rutherford,2020-06-05,2,196
Rutherford,2020-06-06,1,197
Rutherford,2020-06-07,2,199
Rutherford,2020-06-09,1,200
Rutherford,2020-06-11,10,210
Rutherford,2020-06-12,11,221
Rutherford,2020-06-13,2,223
Rutherford,2020-06-14,1,224
Rutherford,2020-06-15,3,227
Rutherford,2020-06-16,3,230
Rutherford,2020-06-17,6,236
Rutherford,2020-06-18,2,238
Rutherford,2020-06-19,10,248
Rutherford,2020-06-20,11,259
Rutherford,2020-06-21,1,260
Rutherford,2020-06-22,7,267
Rutherford,2020-06-23,2,269
Rutherford,2020-06-24,4,273
Rutherford,2020-06-25,5,278
Rutherford,2020-06-26,4,282
Rutherford,2020-06-27,6,288
Rutherford,2020-06-28,11,299
Rutherford,2020-06-29,7,306
Rutherford,2020-06-30,4,310
Rutherford,2020-07-01,5,315
Rutherford,2020-07-02,15,330
Rutherford,2020-07-03,3,333
Rutherford,2020-07-04,4,337
Rutherford,2020-07-05,19,356
Rutherford,2020-07-06,5,361
Rutherford,2020-07-07,10,371
Rutherford,2020-07-08,6,377
Rutherford,2020-07-09,9,386
Rutherford,2020-07-10,7,393
Rutherford,2020-07-11,2,395
Rutherford,2020-07-12,16,411
Rutherford,2020-07-13,11,422
Rutherford,2020-07-14,4,426
Rutherford,2020-07-15,16,442
Rutherford,2020-07-16,8,450
Rutherford,2020-07-17,7,457
Rutherford,2020-07-18,6,463
Rutherford,2020-07-19,10,473
Rutherford,2020-07-20,30,503
Rutherford,2020-07-21,20,523
Rutherford,2020-07-22,11,534
Rutherford,2020-07-23,8,542
Rutherford,2020-07-24,3,545
Rutherford,2020-07-25,9,554
Rutherford,2020-07-26,12,566
Rutherford,2020-07-27,36,602
Rutherford,2020-07-28,13,615
Rutherford,2020-07-29,13,628
Rutherford,2020-07-30,12,640
Rutherford,2020-07-31,11,651
Rutherford,2020-08-01,25,676
Rutherford,2020-08-02,5,681
Rutherford,2020-08-03,11,692
Rutherford,2020-08-04,5,697
Rutherford,2020-08-05,13,710
Rutherford,2020-08-06,12,722
Rutherford,2020-08-07,34,756
Rutherford,2020-08-08,5,761
Rutherford,2020-08-09,10,771
Rutherford,2020-08-10,16,787
Rutherford,2020-08-11,8,795
Rutherford,2020-08-12,18,813
Rutherford,2020-08-13,12,825
Rutherford,2020-08-14,12,837
Rutherford,2020-08-15,22,859
Rutherford,2020-08-16,9,868
Rutherford,2020-08-17,5,873
Rutherford,2020-08-18,5,878
Rutherford,2020-08-19,19,897
Rutherford,2020-08-20,8,905
Rutherford,2020-08-21,8,913
Rutherford,2020-08-22,10,923
Rutherford,2020-08-23,4,927
Rutherford,2020-08-24,8,935
Rutherford,2020-08-25,8,943
Rutherford,2020-08-26,4,947
Rutherford,2020-08-27,8,955
Rutherford,2020-08-28,5,960
Rutherford,2020-08-29,9,969
Rutherford,2020-08-30,7,976
Rutherford,2020-08-31,4,980
Rutherford,2020-09-01,5,985
Rutherford,2020-09-02,8,993
Rutherford,2020-09-03,5,998
Rutherford,2020-09-04,11,1009
Rutherford,2020-09-05,5,1014
Rutherford,2020-09-06,4,1018
Rutherford,2020-09-07,2,1020
Rutherford,2020-09-08,5,1025
Rutherford,2020-09-09,3,1028
Rutherford,2020-09-10,12,1040
Rutherford,2020-09-11,8,1048
Rutherford,2020-09-12,3,1051
Rutherford,2020-09-13,7,1058
Rutherford,2020-09-14,4,1062
Rutherford,2020-09-15,11,1073
Rutherford,2020-09-16,14,1087
Rutherford,2020-09-17,18,1105
Rutherford,2020-09-18,10,1115
Rutherford,2020-09-19,25,1140
Rutherford,2020-09-20,11,1151
Rutherford,2020-09-21,9,1160
Rutherford,2020-09-22,6,1166
Rutherford,2020-09-23,7,1173
Rutherford,2020-09-24,24,1197
Rutherford,2020-09-25,16,1213
Rutherford,2020-09-26,28,1241
Rutherford,2020-09-27,11,1252
Rutherford,2020-09-28,8,1260
Rutherford,2020-09-29,13,1273
Rutherford,2020-09-30,31,1304
Rutherford,2020-10-01,27,1331
Rutherford,2020-10-02,21,1352
Rutherford,2020-10-03,11,1363
Rutherford,2020-10-04,16,1379
Rutherford,2020-10-05,10,1389
Rutherford,2020-10-06,19,1408
Rutherford,2020-10-07,11,1419
Rutherford,2020-10-08,14,1433
Rutherford,2020-10-09,16,1449
Rutherford,2020-10-10,7,1456
Rutherford,2020-10-11,13,1469
Rutherford,2020-10-12,11,1480
Rutherford,2020-10-13,21,1501
Rutherford,2020-10-14,21,1522
Rutherford,2020-10-15,13,1535
Rutherford,2020-10-16,43,1578
Rutherford,2020-10-17,12,1590
Rutherford,2020-10-18,8,1598
Rutherford,2020-10-19,10,1608
Rutherford,2020-10-20,19,1627
Rutherford,2020-10-21,15,1642
Rutherford,2020-10-22,4,1646
Rutherford,2020-10-23,39,1685
Rutherford,2020-10-24,12,1697
Rutherford,2020-10-25,6,1703
Rutherford,2020-10-26,7,1710
Rutherford,2020-10-27,11,1721
Rutherford,2020-10-28,22,1743
Rutherford,2020-10-29,10,1753
Rutherford,2020-10-30,17,1770
Rutherford,2020-10-31,7,1777
Rutherford,2020-11-01,4,1781
Rutherford,2020-11-02,6,1787
Rutherford,2020-11-03,9,1796
Rutherford,2020-11-04,12,1808
Rutherford,2020-11-05,13,1821
Rutherford,2020-11-06,16,1837
Rutherford,2020-11-07,3,1840
Rutherford,2020-11-08,3,1843
Rutherford,2020-11-09,12,1855
Rutherford,2020-11-10,14,1869
Rutherford,2020-11-11,23,1892
Rutherford,2020-11-12,20,1912
Rutherford,2020-11-13,16,1928
Rutherford,2020-11-14,23,1951
Rutherford,2020-11-15,26,1977
Rutherford,2020-11-16,31,2008
Rutherford,2020-11-17,19,2027
Rutherford,2020-11-18,37,2064
Rutherford,2020-11-19,25,2089
Rutherford,2020-11-20,48,2137
Rutherford,2020-11-21,20,2157
Rutherford,2020-11-22,23,2180
Rutherford,2020-11-23,22,2202
Rutherford,2020-11-24,46,2248
Rutherford,2020-11-25,42,2290
Rutherford,2020-11-26,28,2318
Rutherford,2020-11-27,27,2345
Rutherford,2020-11-28,49,2394
Rutherford,2020-11-29,27,2421
Rutherford,2020-11-30,26,2447
Rutherford,2020-12-01,41,2488
Rutherford,2020-12-02,59,2547
Rutherford,2020-12-03,54,2601
Rutherford,2020-12-04,51,2652
Rutherford,2020-12-05,43,2695
Rutherford,2020-12-06,43,2738
Rutherford,2020-12-07,67,2805
Rutherford,2020-12-08,74,2879
Rutherford,2020-12-09,78,2957
Rutherford,2020-12-10,57,3014
Rutherford,2020-12-11,64,3078
Rutherford,2020-12-12,52,3130
Rutherford,2020-12-13,32,3162
Rutherford,2020-12-14,53,3215
Rutherford,2020-12-15,72,3287
Sampson,2020-03-16,1,1
Sampson,2020-03-20,1,2
Sampson,2020-04-03,1,3
Sampson,2020-04-05,1,4
Sampson,2020-04-06,2,6
Sampson,2020-04-08,3,9
Sampson,2020-04-09,2,11
Sampson,2020-04-11,1,12
Sampson,2020-04-12,2,14
Sampson,2020-04-14,1,15
Sampson,2020-04-15,3,18
Sampson,2020-04-16,1,19
Sampson,2020-04-17,1,20
Sampson,2020-04-18,2,22
Sampson,2020-04-20,1,23
Sampson,2020-04-21,2,25
Sampson,2020-04-22,2,27
Sampson,2020-04-23,6,33
Sampson,2020-04-24,4,37
Sampson,2020-04-25,4,41
Sampson,2020-04-26,1,42
Sampson,2020-04-27,5,47
Sampson,2020-04-28,5,52
Sampson,2020-04-29,13,65
Sampson,2020-04-30,6,71
Sampson,2020-05-01,11,82
Sampson,2020-05-02,6,88
Sampson,2020-05-03,1,89
Sampson,2020-05-04,8,97
Sampson,2020-05-05,13,110
Sampson,2020-05-06,15,125
Sampson,2020-05-07,11,136
Sampson,2020-05-08,6,142
Sampson,2020-05-09,14,156
Sampson,2020-05-10,13,169
Sampson,2020-05-11,8,177
Sampson,2020-05-12,7,184
Sampson,2020-05-13,25,209
Sampson,2020-05-14,10,219
Sampson,2020-05-15,16,235
Sampson,2020-05-16,14,249
Sampson,2020-05-17,6,255
Sampson,2020-05-18,13,268
Sampson,2020-05-19,8,276
Sampson,2020-05-20,41,317
Sampson,2020-05-21,29,346
Sampson,2020-05-22,18,364
Sampson,2020-05-23,21,385
Sampson,2020-05-24,14,399
Sampson,2020-05-25,7,406
Sampson,2020-05-26,2,408
Sampson,2020-05-27,5,413
Sampson,2020-05-28,17,430
Sampson,2020-05-29,28,458
Sampson,2020-05-30,20,478
Sampson,2020-05-31,23,501
Sampson,2020-06-01,10,511
Sampson,2020-06-02,15,526
Sampson,2020-06-03,21,547
Sampson,2020-06-04,19,566
Sampson,2020-06-05,16,582
Sampson,2020-06-06,22,604
Sampson,2020-06-07,27,631
Sampson,2020-06-08,4,635
Sampson,2020-06-09,5,640
Sampson,2020-06-10,18,658
Sampson,2020-06-11,58,716
Sampson,2020-06-12,32,748
Sampson,2020-06-13,23,771
Sampson,2020-06-14,19,790
Sampson,2020-06-15,2,792
Sampson,2020-06-16,13,805
Sampson,2020-06-17,15,820
Sampson,2020-06-18,35,855
Sampson,2020-06-19,27,882
Sampson,2020-06-20,11,893
Sampson,2020-06-21,21,914
Sampson,2020-06-22,16,930
Sampson,2020-06-23,20,950
Sampson,2020-06-24,16,966
Sampson,2020-06-25,21,987
Sampson,2020-06-26,28,1015
Sampson,2020-06-27,24,1039
Sampson,2020-06-28,14,1053
Sampson,2020-06-29,12,1065
Sampson,2020-06-30,18,1083
Sampson,2020-07-01,13,1096
Sampson,2020-07-02,12,1108
Sampson,2020-07-03,9,1117
Sampson,2020-07-04,5,1122
Sampson,2020-07-05,11,1133
Sampson,2020-07-06,10,1143
Sampson,2020-07-07,14,1157
Sampson,2020-07-08,7,1164
Sampson,2020-07-09,18,1182
Sampson,2020-07-10,20,1202
Sampson,2020-07-11,13,1215
Sampson,2020-07-12,5,1220
Sampson,2020-07-13,21,1241
Sampson,2020-07-14,26,1267
Sampson,2020-07-15,23,1290
Sampson,2020-07-16,13,1303
Sampson,2020-07-17,12,1315
Sampson,2020-07-18,12,1327
Sampson,2020-07-19,4,1331
Sampson,2020-07-20,11,1342
Sampson,2020-07-21,20,1362
Sampson,2020-07-22,8,1370
Sampson,2020-07-23,8,1378
Sampson,2020-07-24,9,1387
Sampson,2020-07-25,7,1394
Sampson,2020-07-26,5,1399
Sampson,2020-07-27,4,1403
Sampson,2020-07-28,6,1409
Sampson,2020-07-29,10,1419
Sampson,2020-07-30,8,1427
Sampson,2020-07-31,8,1435
Sampson,2020-08-01,3,1438
Sampson,2020-08-02,10,1448
Sampson,2020-08-03,4,1452
Sampson,2020-08-04,6,1458
Sampson,2020-08-05,11,1469
Sampson,2020-08-06,5,1474
Sampson,2020-08-07,17,1491
Sampson,2020-08-08,9,1500
Sampson,2020-08-10,4,1504
Sampson,2020-08-11,1,1505
Sampson,2020-08-12,7,1512
Sampson,2020-08-13,3,1515
Sampson,2020-08-14,6,1521
Sampson,2020-08-15,7,1528
Sampson,2020-08-16,4,1532
Sampson,2020-08-17,0,1532
Sampson,2020-08-18,5,1537
Sampson,2020-08-19,5,1542
Sampson,2020-08-20,12,1554
Sampson,2020-08-21,1,1555
Sampson,2020-08-22,8,1563
Sampson,2020-08-23,5,1568
Sampson,2020-08-24,5,1573
Sampson,2020-08-25,7,1580
Sampson,2020-08-26,13,1593
Sampson,2020-08-27,9,1602
Sampson,2020-08-28,4,1606
Sampson,2020-08-29,4,1610
Sampson,2020-08-30,6,1616
Sampson,2020-08-31,5,1621
Sampson,2020-09-01,6,1627
Sampson,2020-09-02,9,1636
Sampson,2020-09-03,15,1651
Sampson,2020-09-04,6,1657
Sampson,2020-09-05,13,1670
Sampson,2020-09-06,2,1672
Sampson,2020-09-07,4,1676
Sampson,2020-09-08,3,1679
Sampson,2020-09-09,5,1684
Sampson,2020-09-10,8,1692
Sampson,2020-09-11,5,1697
Sampson,2020-09-12,2,1699
Sampson,2020-09-13,5,1704
Sampson,2020-09-14,9,1713
Sampson,2020-09-15,7,1720
Sampson,2020-09-16,19,1739
Sampson,2020-09-17,9,1748
Sampson,2020-09-18,3,1751
Sampson,2020-09-19,10,1761
Sampson,2020-09-20,4,1765
Sampson,2020-09-21,0,1765
Sampson,2020-09-22,10,1775
Sampson,2020-09-23,16,1791
Sampson,2020-09-24,6,1797
Sampson,2020-09-25,15,1812
Sampson,2020-09-26,4,1816
Sampson,2020-09-27,3,1819
Sampson,2020-09-28,3,1822
Sampson,2020-09-29,9,1831
Sampson,2020-09-30,7,1838
Sampson,2020-10-01,8,1846
Sampson,2020-10-02,6,1852
Sampson,2020-10-03,3,1855
Sampson,2020-10-04,7,1862
Sampson,2020-10-05,2,1864
Sampson,2020-10-06,8,1872
Sampson,2020-10-07,10,1882
Sampson,2020-10-08,9,1891
Sampson,2020-10-09,13,1904
Sampson,2020-10-10,8,1912
Sampson,2020-10-11,3,1915
Sampson,2020-10-12,3,1918
Sampson,2020-10-13,6,1924
Sampson,2020-10-14,6,1930
Sampson,2020-10-15,10,1940
Sampson,2020-10-16,10,1950
Sampson,2020-10-17,6,1956
Sampson,2020-10-18,0,1956
Sampson,2020-10-19,4,1960
Sampson,2020-10-20,14,1974
Sampson,2020-10-21,4,1978
Sampson,2020-10-22,24,2002
Sampson,2020-10-23,5,2007
Sampson,2020-10-24,9,2016
Sampson,2020-10-25,28,2044
Sampson,2020-10-26,9,2053
Sampson,2020-10-27,30,2083
Sampson,2020-10-28,13,2096
Sampson,2020-10-29,13,2109
Sampson,2020-10-30,18,2127
Sampson,2020-10-31,23,2150
Sampson,2020-11-01,9,2159
Sampson,2020-11-02,6,2165
Sampson,2020-11-03,16,2181
Sampson,2020-11-04,20,2201
Sampson,2020-11-05,18,2219
Sampson,2020-11-06,20,2239
Sampson,2020-11-07,17,2256
Sampson,2020-11-08,6,2262
Sampson,2020-11-09,11,2273
Sampson,2020-11-10,19,2292
Sampson,2020-11-11,12,2304
Sampson,2020-11-12,18,2322
Sampson,2020-11-13,18,2340
Sampson,2020-11-14,12,2352
Sampson,2020-11-15,12,2364
Sampson,2020-11-16,17,2381
Sampson,2020-11-17,12,2393
Sampson,2020-11-18,21,2414
Sampson,2020-11-19,13,2427
Sampson,2020-11-20,8,2435
Sampson,2020-11-21,7,2442
Sampson,2020-11-22,9,2451
Sampson,2020-11-23,8,2459
Sampson,2020-11-24,12,2471
Sampson,2020-11-25,17,2488
Sampson,2020-11-26,13,2501
Sampson,2020-11-27,15,2516
Sampson,2020-11-28,18,2534
Sampson,2020-11-29,5,2539
Sampson,2020-11-30,23,2562
Sampson,2020-12-01,15,2577
Sampson,2020-12-02,28,2605
Sampson,2020-12-03,20,2625
Sampson,2020-12-04,26,2651
Sampson,2020-12-05,25,2676
Sampson,2020-12-06,11,2687
Sampson,2020-12-07,21,2708
Sampson,2020-12-08,15,2723
Sampson,2020-12-09,44,2767
Sampson,2020-12-10,18,2785
Sampson,2020-12-11,34,2819
Sampson,2020-12-12,9,2828
Sampson,2020-12-13,8,2836
Sampson,2020-12-14,12,2848
Sampson,2020-12-15,12,2860
Scotland,2020-03-20,1,1
Scotland,2020-03-28,1,2
Scotland,2020-04-07,1,3
Scotland,2020-04-09,3,6
Scotland,2020-04-10,2,8
Scotland,2020-04-11,1,9
Scotland,2020-04-16,2,11
Scotland,2020-04-18,1,12
Scotland,2020-04-20,1,13
Scotland,2020-04-21,2,15
Scotland,2020-04-22,1,16
Scotland,2020-04-23,1,17
Scotland,2020-04-24,4,21
Scotland,2020-04-25,1,22
Scotland,2020-04-27,1,23
Scotland,2020-04-30,2,25
Scotland,2020-05-01,1,26
Scotland,2020-05-02,2,28
Scotland,2020-05-03,1,29
Scotland,2020-05-04,1,30
Scotland,2020-05-05,1,31
Scotland,2020-05-06,2,33
Scotland,2020-05-07,2,35
Scotland,2020-05-09,4,39
Scotland,2020-05-10,1,40
Scotland,2020-05-11,2,42
Scotland,2020-05-13,4,46
Scotland,2020-05-14,3,49
Scotland,2020-05-15,1,50
Scotland,2020-05-17,1,51
Scotland,2020-05-18,3,54
Scotland,2020-05-19,1,55
Scotland,2020-05-20,3,58
Scotland,2020-05-21,1,59
Scotland,2020-05-22,4,63
Scotland,2020-05-23,1,64
Scotland,2020-05-24,3,67
Scotland,2020-05-26,8,75
Scotland,2020-05-27,3,78
Scotland,2020-05-28,6,84
Scotland,2020-05-30,2,86
Scotland,2020-06-01,1,87
Scotland,2020-06-03,3,90
Scotland,2020-06-04,1,91
Scotland,2020-06-05,5,96
Scotland,2020-06-06,1,97
Scotland,2020-06-08,1,98
Scotland,2020-06-09,1,99
Scotland,2020-06-10,3,102
Scotland,2020-06-11,4,106
Scotland,2020-06-12,3,109
Scotland,2020-06-14,2,111
Scotland,2020-06-15,2,113
Scotland,2020-06-17,1,114
Scotland,2020-06-18,6,120
Scotland,2020-06-19,3,123
Scotland,2020-06-22,4,127
Scotland,2020-06-23,2,129
Scotland,2020-06-24,1,130
Scotland,2020-06-25,2,132
Scotland,2020-06-26,2,134
Scotland,2020-06-28,2,136
Scotland,2020-06-29,2,138
Scotland,2020-06-30,1,139
Scotland,2020-07-01,4,143
Scotland,2020-07-02,2,145
Scotland,2020-07-03,2,147
Scotland,2020-07-04,3,150
Scotland,2020-07-05,2,152
Scotland,2020-07-06,1,153
Scotland,2020-07-07,6,159
Scotland,2020-07-08,1,160
Scotland,2020-07-09,4,164
Scotland,2020-07-10,2,166
Scotland,2020-07-11,1,167
Scotland,2020-07-12,5,172
Scotland,2020-07-13,5,177
Scotland,2020-07-14,2,179
Scotland,2020-07-15,5,184
Scotland,2020-07-17,1,185
Scotland,2020-07-18,2,187
Scotland,2020-07-19,5,192
Scotland,2020-07-20,7,199
Scotland,2020-07-21,5,204
Scotland,2020-07-22,14,218
Scotland,2020-07-23,7,225
Scotland,2020-07-24,6,231
Scotland,2020-07-25,4,235
Scotland,2020-07-27,8,243
Scotland,2020-07-28,4,247
Scotland,2020-07-29,17,264
Scotland,2020-07-30,6,270
Scotland,2020-07-31,11,281
Scotland,2020-08-01,9,290
Scotland,2020-08-02,5,295
Scotland,2020-08-03,23,318
Scotland,2020-08-04,8,326
Scotland,2020-08-05,7,333
Scotland,2020-08-06,13,346
Scotland,2020-08-07,9,355
Scotland,2020-08-08,5,360
Scotland,2020-08-09,1,361
Scotland,2020-08-10,12,373
Scotland,2020-08-11,9,382
Scotland,2020-08-12,11,393
Scotland,2020-08-13,12,405
Scotland,2020-08-14,13,418
Scotland,2020-08-15,19,437
Scotland,2020-08-16,5,442
Scotland,2020-08-17,11,453
Scotland,2020-08-18,23,476
Scotland,2020-08-19,47,523
Scotland,2020-08-20,14,537
Scotland,2020-08-21,20,557
Scotland,2020-08-22,5,562
Scotland,2020-08-23,2,564
Scotland,2020-08-24,5,569
Scotland,2020-08-25,7,576
Scotland,2020-08-26,20,596
Scotland,2020-08-27,35,631
Scotland,2020-08-28,13,644
Scotland,2020-08-29,5,649
Scotland,2020-08-30,13,662
Scotland,2020-08-31,8,670
Scotland,2020-09-01,17,687
Scotland,2020-09-02,26,713
Scotland,2020-09-03,20,733
Scotland,2020-09-04,4,737
Scotland,2020-09-05,11,748
Scotland,2020-09-06,1,749
Scotland,2020-09-07,3,752
Scotland,2020-09-08,3,755
Scotland,2020-09-09,19,774
Scotland,2020-09-10,25,799
Scotland,2020-09-11,16,815
Scotland,2020-09-12,7,822
Scotland,2020-09-13,13,835
Scotland,2020-09-14,8,843
Scotland,2020-09-15,22,865
Scotland,2020-09-16,34,899
Scotland,2020-09-17,4,903
Scotland,2020-09-18,44,947
Scotland,2020-09-19,16,963
Scotland,2020-09-20,3,966
Scotland,2020-09-21,3,969
Scotland,2020-09-22,11,980
Scotland,2020-09-23,67,1047
Scotland,2020-09-24,27,1074
Scotland,2020-09-25,31,1105
Scotland,2020-09-26,41,1146
Scotland,2020-09-27,2,1148
Scotland,2020-09-28,12,1160
Scotland,2020-09-29,15,1175
Scotland,2020-09-30,63,1238
Scotland,2020-10-01,16,1254
Scotland,2020-10-02,13,1267
Scotland,2020-10-03,8,1275
Scotland,2020-10-04,16,1291
Scotland,2020-10-05,5,1296
Scotland,2020-10-06,43,1339
Scotland,2020-10-07,26,1365
Scotland,2020-10-08,10,1375
Scotland,2020-10-09,8,1383
Scotland,2020-10-10,13,1396
Scotland,2020-10-11,4,1400
Scotland,2020-10-12,10,1410
Scotland,2020-10-13,21,1431
Scotland,2020-10-14,18,1449
Scotland,2020-10-15,7,1456
Scotland,2020-10-16,6,1462
Scotland,2020-10-17,10,1472
Scotland,2020-10-18,3,1475
Scotland,2020-10-19,3,1478
Scotland,2020-10-20,13,1491
Scotland,2020-10-21,8,1499
Scotland,2020-10-22,9,1508
Scotland,2020-10-23,6,1514
Scotland,2020-10-24,4,1518
Scotland,2020-10-25,5,1523
Scotland,2020-10-26,9,1532
Scotland,2020-10-27,4,1536
Scotland,2020-10-28,14,1550
Scotland,2020-10-29,5,1555
Scotland,2020-10-30,7,1562
Scotland,2020-10-31,6,1568
Scotland,2020-11-01,3,1571
Scotland,2020-11-02,3,1574
Scotland,2020-11-03,11,1585
Scotland,2020-11-04,6,1591
Scotland,2020-11-05,3,1594
Scotland,2020-11-06,4,1598
Scotland,2020-11-07,2,1600
Scotland,2020-11-08,1,1601
Scotland,2020-11-09,5,1606
Scotland,2020-11-10,5,1611
Scotland,2020-11-11,8,1619
Scotland,2020-11-12,3,1622
Scotland,2020-11-13,6,1628
Scotland,2020-11-14,6,1634
Scotland,2020-11-15,8,1642
Scotland,2020-11-16,6,1648
Scotland,2020-11-17,7,1655
Scotland,2020-11-18,27,1682
Scotland,2020-11-19,15,1697
Scotland,2020-11-20,8,1705
Scotland,2020-11-21,10,1715
Scotland,2020-11-22,8,1723
Scotland,2020-11-23,8,1731
Scotland,2020-11-24,11,1742
Scotland,2020-11-25,11,1753
Scotland,2020-11-26,11,1764
Scotland,2020-11-27,7,1771
Scotland,2020-11-28,9,1780
Scotland,2020-11-29,8,1788
Scotland,2020-11-30,12,1800
Scotland,2020-12-01,28,1828
Scotland,2020-12-02,16,1844
Scotland,2020-12-03,12,1856
Scotland,2020-12-04,16,1872
Scotland,2020-12-05,17,1889
Scotland,2020-12-06,9,1898
Scotland,2020-12-07,8,1906
Scotland,2020-12-08,25,1931
Scotland,2020-12-09,18,1949
Scotland,2020-12-10,22,1971
Scotland,2020-12-11,6,1977
Scotland,2020-12-12,11,1988
Scotland,2020-12-13,16,2004
Scotland,2020-12-14,13,2017
Scotland,2020-12-15,20,2037
Stanly,2020-03-20,1,1
Stanly,2020-03-26,1,2
Stanly,2020-03-27,1,3
Stanly,2020-03-28,1,4
Stanly,2020-03-29,1,5
Stanly,2020-04-02,1,6
Stanly,2020-04-03,1,7
Stanly,2020-04-06,1,8
Stanly,2020-04-09,1,9
Stanly,2020-04-10,2,11
Stanly,2020-04-11,3,14
Stanly,2020-04-12,3,17
Stanly,2020-04-15,1,18
Stanly,2020-04-16,2,20
Stanly,2020-04-22,2,22
Stanly,2020-04-23,3,25
Stanly,2020-04-24,2,27
Stanly,2020-04-25,2,29
Stanly,2020-04-29,1,30
Stanly,2020-05-13,1,31
Stanly,2020-05-17,1,32
Stanly,2020-05-19,1,33
Stanly,2020-05-21,3,36
Stanly,2020-05-22,3,39
Stanly,2020-05-23,4,43
Stanly,2020-05-24,4,47
Stanly,2020-05-25,2,49
Stanly,2020-05-26,4,53
Stanly,2020-05-27,1,54
Stanly,2020-05-28,3,57
Stanly,2020-05-29,10,67
Stanly,2020-05-30,5,72
Stanly,2020-05-31,8,80
Stanly,2020-06-01,4,84
Stanly,2020-06-02,1,85
Stanly,2020-06-03,3,88
Stanly,2020-06-04,12,100
Stanly,2020-06-05,8,108
Stanly,2020-06-06,4,112
Stanly,2020-06-07,3,115
Stanly,2020-06-08,2,117
Stanly,2020-06-09,6,123
Stanly,2020-06-10,6,129
Stanly,2020-06-11,9,138
Stanly,2020-06-12,10,148
Stanly,2020-06-13,11,159
Stanly,2020-06-14,4,163
Stanly,2020-06-15,5,168
Stanly,2020-06-16,7,175
Stanly,2020-06-17,5,180
Stanly,2020-06-18,20,200
Stanly,2020-06-19,6,206
Stanly,2020-06-20,22,228
Stanly,2020-06-21,53,281
Stanly,2020-06-22,7,288
Stanly,2020-06-23,15,303
Stanly,2020-06-24,11,314
Stanly,2020-06-25,9,323
Stanly,2020-06-26,19,342
Stanly,2020-06-27,16,358
Stanly,2020-06-28,16,374
Stanly,2020-06-29,8,382
Stanly,2020-06-30,14,396
Stanly,2020-07-01,16,412
Stanly,2020-07-02,36,448
Stanly,2020-07-03,11,459
Stanly,2020-07-04,14,473
Stanly,2020-07-05,7,480
Stanly,2020-07-06,1,481
Stanly,2020-07-07,41,522
Stanly,2020-07-08,14,536
Stanly,2020-07-09,9,545
Stanly,2020-07-10,16,561
Stanly,2020-07-11,9,570
Stanly,2020-07-12,9,579
Stanly,2020-07-13,11,590
Stanly,2020-07-14,20,610
Stanly,2020-07-15,13,623
Stanly,2020-07-16,10,633
Stanly,2020-07-17,13,646
Stanly,2020-07-18,13,659
Stanly,2020-07-19,8,667
Stanly,2020-07-20,22,689
Stanly,2020-07-21,20,709
Stanly,2020-07-22,27,736
Stanly,2020-07-23,20,756
Stanly,2020-07-24,23,779
Stanly,2020-07-25,14,793
Stanly,2020-07-26,15,808
Stanly,2020-07-27,21,829
Stanly,2020-07-28,17,846
Stanly,2020-07-29,17,863
Stanly,2020-07-30,30,893
Stanly,2020-07-31,14,907
Stanly,2020-08-01,20,927
Stanly,2020-08-02,11,938
Stanly,2020-08-03,17,955
Stanly,2020-08-04,27,982
Stanly,2020-08-05,44,1026
Stanly,2020-08-06,39,1065
Stanly,2020-08-07,11,1076
Stanly,2020-08-08,16,1092
Stanly,2020-08-09,15,1107
Stanly,2020-08-10,12,1119
Stanly,2020-08-11,22,1141
Stanly,2020-08-12,47,1188
Stanly,2020-08-13,19,1207
Stanly,2020-08-14,21,1228
Stanly,2020-08-15,8,1236
Stanly,2020-08-16,15,1251
Stanly,2020-08-17,13,1264
Stanly,2020-08-18,12,1276
Stanly,2020-08-19,31,1307
Stanly,2020-08-20,37,1344
Stanly,2020-08-21,17,1361
Stanly,2020-08-22,9,1370
Stanly,2020-08-23,7,1377
Stanly,2020-08-24,15,1392
Stanly,2020-08-25,11,1403
Stanly,2020-08-26,23,1426
Stanly,2020-08-27,20,1446
Stanly,2020-08-28,9,1455
Stanly,2020-08-29,33,1488
Stanly,2020-08-30,10,1498
Stanly,2020-08-31,18,1516
Stanly,2020-09-01,5,1521
Stanly,2020-09-02,35,1556
Stanly,2020-09-03,41,1597
Stanly,2020-09-04,7,1604
Stanly,2020-09-05,6,1610
Stanly,2020-09-06,9,1619
Stanly,2020-09-07,4,1623
Stanly,2020-09-08,7,1630
Stanly,2020-09-09,8,1638
Stanly,2020-09-10,28,1666
Stanly,2020-09-11,36,1702
Stanly,2020-09-12,6,1708
Stanly,2020-09-13,7,1715
Stanly,2020-09-14,13,1728
Stanly,2020-09-15,14,1742
Stanly,2020-09-16,11,1753
Stanly,2020-09-17,14,1767
Stanly,2020-09-18,21,1788
Stanly,2020-09-19,16,1804
Stanly,2020-09-20,14,1818
Stanly,2020-09-21,10,1828
Stanly,2020-09-22,8,1836
Stanly,2020-09-23,23,1859
Stanly,2020-09-24,56,1915
Stanly,2020-09-25,17,1932
Stanly,2020-09-26,14,1946
Stanly,2020-09-27,10,1956
Stanly,2020-09-28,16,1972
Stanly,2020-09-29,11,1983
Stanly,2020-09-30,32,2015
Stanly,2020-10-01,17,2032
Stanly,2020-10-02,25,2057
Stanly,2020-10-03,15,2072
Stanly,2020-10-04,20,2092
Stanly,2020-10-05,11,2103
Stanly,2020-10-06,14,2117
Stanly,2020-10-07,23,2140
Stanly,2020-10-08,30,2170
Stanly,2020-10-09,24,2194
Stanly,2020-10-10,20,2214
Stanly,2020-10-11,21,2235
Stanly,2020-10-12,15,2250
Stanly,2020-10-13,18,2268
Stanly,2020-10-14,18,2286
Stanly,2020-10-15,20,2306
Stanly,2020-10-16,17,2323
Stanly,2020-10-17,11,2334
Stanly,2020-10-18,9,2343
Stanly,2020-10-19,6,2349
Stanly,2020-10-20,1,2350
Stanly,2020-10-21,5,2355
Stanly,2020-10-22,14,2369
Stanly,2020-10-23,5,2374
Stanly,2020-10-24,9,2383
Stanly,2020-10-25,15,2398
Stanly,2020-10-26,16,2414
Stanly,2020-10-27,4,2418
Stanly,2020-10-28,8,2426
Stanly,2020-10-29,4,2430
Stanly,2020-10-30,6,2436
Stanly,2020-10-31,16,2452
Stanly,2020-11-01,9,2461
Stanly,2020-11-02,5,2466
Stanly,2020-11-03,18,2484
Stanly,2020-11-04,16,2500
Stanly,2020-11-05,20,2520
Stanly,2020-11-06,12,2532
Stanly,2020-11-07,6,2538
Stanly,2020-11-08,8,2546
Stanly,2020-11-09,8,2554
Stanly,2020-11-10,22,2576
Stanly,2020-11-11,26,2602
Stanly,2020-11-12,31,2633
Stanly,2020-11-13,18,2651
Stanly,2020-11-14,11,2662
Stanly,2020-11-15,23,2685
Stanly,2020-11-16,19,2704
Stanly,2020-11-17,18,2722
Stanly,2020-11-18,19,2741
Stanly,2020-11-19,18,2759
Stanly,2020-11-20,23,2782
Stanly,2020-11-21,26,2808
Stanly,2020-11-22,19,2827
Stanly,2020-11-23,27,2854
Stanly,2020-11-24,22,2876
Stanly,2020-11-25,20,2896
Stanly,2020-11-26,22,2918
Stanly,2020-11-27,26,2944
Stanly,2020-11-28,18,2962
Stanly,2020-11-29,20,2982
Stanly,2020-11-30,28,3010
Stanly,2020-12-01,30,3040
Stanly,2020-12-02,53,3093
Stanly,2020-12-03,32,3125
Stanly,2020-12-04,44,3169
Stanly,2020-12-05,43,3212
Stanly,2020-12-06,26,3238
Stanly,2020-12-07,61,3299
Stanly,2020-12-08,39,3338
Stanly,2020-12-09,60,3398
Stanly,2020-12-10,36,3434
Stanly,2020-12-11,44,3478
Stanly,2020-12-12,48,3526
Stanly,2020-12-13,23,3549
Stanly,2020-12-14,33,3582
Stanly,2020-12-15,53,3635
Stokes,2020-04-01,3,3
Stokes,2020-04-03,2,5
Stokes,2020-04-04,1,6
Stokes,2020-04-05,1,7
Stokes,2020-04-06,1,8
Stokes,2020-04-09,1,9
Stokes,2020-04-10,1,10
Stokes,2020-05-07,1,11
Stokes,2020-05-11,3,14
Stokes,2020-05-12,4,18
Stokes,2020-05-13,3,21
Stokes,2020-05-14,4,25
Stokes,2020-05-15,1,26
Stokes,2020-05-16,5,31
Stokes,2020-05-17,4,35
Stokes,2020-05-18,2,37
Stokes,2020-05-19,2,39
Stokes,2020-05-20,3,42
Stokes,2020-05-21,1,43
Stokes,2020-05-22,8,51
Stokes,2020-05-23,5,56
Stokes,2020-05-24,2,58
Stokes,2020-05-25,1,59
Stokes,2020-05-27,2,61
Stokes,2020-05-28,6,67
Stokes,2020-05-30,1,68
Stokes,2020-05-31,1,69
Stokes,2020-06-01,3,72
Stokes,2020-06-02,4,76
Stokes,2020-06-03,2,78
Stokes,2020-06-04,2,80
Stokes,2020-06-05,1,81
Stokes,2020-06-06,2,83
Stokes,2020-06-07,2,85
Stokes,2020-06-08,3,88
Stokes,2020-06-10,2,90
Stokes,2020-06-12,1,91
Stokes,2020-06-13,2,93
Stokes,2020-06-14,1,94
Stokes,2020-06-16,1,95
Stokes,2020-06-17,2,97
Stokes,2020-06-18,3,100
Stokes,2020-06-19,1,101
Stokes,2020-06-20,3,104
Stokes,2020-06-21,4,108
Stokes,2020-06-22,1,109
Stokes,2020-06-23,2,111
Stokes,2020-06-24,4,115
Stokes,2020-06-25,4,119
Stokes,2020-06-26,4,123
Stokes,2020-06-30,5,128
Stokes,2020-07-01,1,129
Stokes,2020-07-02,4,133
Stokes,2020-07-03,3,136
Stokes,2020-07-04,5,141
Stokes,2020-07-05,2,143
Stokes,2020-07-06,3,146
Stokes,2020-07-07,1,147
Stokes,2020-07-08,7,154
Stokes,2020-07-09,6,160
Stokes,2020-07-10,2,162
Stokes,2020-07-11,5,167
Stokes,2020-07-12,2,169
Stokes,2020-07-13,2,171
Stokes,2020-07-14,6,177
Stokes,2020-07-15,6,183
Stokes,2020-07-16,3,186
Stokes,2020-07-17,6,192
Stokes,2020-07-18,4,196
Stokes,2020-07-19,3,199
Stokes,2020-07-20,3,202
Stokes,2020-07-21,1,203
Stokes,2020-07-22,6,209
Stokes,2020-07-23,2,211
Stokes,2020-07-24,4,215
Stokes,2020-07-25,2,217
Stokes,2020-07-26,4,221
Stokes,2020-07-27,1,222
Stokes,2020-07-28,16,238
Stokes,2020-07-29,7,245
Stokes,2020-07-30,7,252
Stokes,2020-07-31,13,265
Stokes,2020-08-01,2,267
Stokes,2020-08-02,2,269
Stokes,2020-08-03,4,273
Stokes,2020-08-04,7,280
Stokes,2020-08-05,4,284
Stokes,2020-08-06,3,287
Stokes,2020-08-07,5,292
Stokes,2020-08-10,1,293
Stokes,2020-08-11,2,295
Stokes,2020-08-12,3,298
Stokes,2020-08-13,3,301
Stokes,2020-08-14,4,305
Stokes,2020-08-15,2,307
Stokes,2020-08-17,3,310
Stokes,2020-08-18,2,312
Stokes,2020-08-19,1,313
Stokes,2020-08-20,3,316
Stokes,2020-08-21,2,318
Stokes,2020-08-22,3,321
Stokes,2020-08-25,2,323
Stokes,2020-08-26,1,324
Stokes,2020-08-27,3,327
Stokes,2020-08-28,4,331
Stokes,2020-08-29,4,335
Stokes,2020-08-31,1,336
Stokes,2020-09-01,3,339
Stokes,2020-09-02,4,343
Stokes,2020-09-03,6,349
Stokes,2020-09-04,9,358
Stokes,2020-09-05,3,361
Stokes,2020-09-06,3,364
Stokes,2020-09-07,1,365
Stokes,2020-09-08,5,370
Stokes,2020-09-09,6,376
Stokes,2020-09-10,5,381
Stokes,2020-09-11,6,387
Stokes,2020-09-13,1,388
Stokes,2020-09-14,3,391
Stokes,2020-09-15,5,396
Stokes,2020-09-16,2,398
Stokes,2020-09-17,5,403
Stokes,2020-09-18,2,405
Stokes,2020-09-19,4,409
Stokes,2020-09-20,2,411
Stokes,2020-09-21,3,414
Stokes,2020-09-22,2,416
Stokes,2020-09-23,3,419
Stokes,2020-09-24,6,425
Stokes,2020-09-25,7,432
Stokes,2020-09-26,10,442
Stokes,2020-09-27,4,446
Stokes,2020-09-28,4,450
Stokes,2020-09-29,9,459
Stokes,2020-09-30,8,467
Stokes,2020-10-01,8,475
Stokes,2020-10-02,4,479
Stokes,2020-10-03,5,484
Stokes,2020-10-04,2,486
Stokes,2020-10-05,7,493
Stokes,2020-10-06,11,504
Stokes,2020-10-07,7,511
Stokes,2020-10-08,5,516
Stokes,2020-10-09,5,521
Stokes,2020-10-10,9,530
Stokes,2020-10-11,11,541
Stokes,2020-10-12,7,548
Stokes,2020-10-13,7,555
Stokes,2020-10-14,12,567
Stokes,2020-10-15,8,575
Stokes,2020-10-16,12,587
Stokes,2020-10-17,5,592
Stokes,2020-10-18,5,597
Stokes,2020-10-19,7,604
Stokes,2020-10-20,3,607
Stokes,2020-10-21,10,617
Stokes,2020-10-22,11,628
Stokes,2020-10-23,5,633
Stokes,2020-10-24,6,639
Stokes,2020-10-25,3,642
Stokes,2020-10-26,5,647
Stokes,2020-10-27,4,651
Stokes,2020-10-28,11,662
Stokes,2020-10-29,9,671
Stokes,2020-10-30,7,678
Stokes,2020-10-31,7,685
Stokes,2020-11-01,8,693
Stokes,2020-11-02,5,698
Stokes,2020-11-03,14,712
Stokes,2020-11-04,14,726
Stokes,2020-11-05,11,737
Stokes,2020-11-06,17,754
Stokes,2020-11-07,15,769
Stokes,2020-11-08,5,774
Stokes,2020-11-09,7,781
Stokes,2020-11-10,12,793
Stokes,2020-11-11,16,809
Stokes,2020-11-12,18,827
Stokes,2020-11-13,19,846
Stokes,2020-11-14,14,860
Stokes,2020-11-15,13,873
Stokes,2020-11-16,17,890
Stokes,2020-11-17,21,911
Stokes,2020-11-18,27,938
Stokes,2020-11-19,19,957
Stokes,2020-11-20,15,972
Stokes,2020-11-21,22,994
Stokes,2020-11-22,7,1001
Stokes,2020-11-23,14,1015
Stokes,2020-11-24,16,1031
Stokes,2020-11-25,31,1062
Stokes,2020-11-26,15,1077
Stokes,2020-11-27,12,1089
Stokes,2020-11-28,10,1099
Stokes,2020-11-29,15,1114
Stokes,2020-11-30,21,1135
Stokes,2020-12-01,18,1153
Stokes,2020-12-02,23,1176
Stokes,2020-12-03,26,1202
Stokes,2020-12-04,10,1212
Stokes,2020-12-05,20,1232
Stokes,2020-12-06,23,1255
Stokes,2020-12-07,18,1273
Stokes,2020-12-08,12,1285
Stokes,2020-12-09,27,1312
Stokes,2020-12-10,40,1352
Stokes,2020-12-11,23,1375
Stokes,2020-12-12,30,1405
Stokes,2020-12-13,25,1430
Stokes,2020-12-14,21,1451
Stokes,2020-12-15,23,1474
Surry,2020-03-26,1,1
Surry,2020-03-29,1,2
Surry,2020-04-03,1,3
Surry,2020-04-05,1,4
Surry,2020-04-06,5,9
Surry,2020-04-07,1,10
Surry,2020-04-15,1,11
Surry,2020-04-17,1,12
Surry,2020-04-28,1,13
Surry,2020-05-01,3,16
Surry,2020-05-02,1,17
Surry,2020-05-04,3,20
Surry,2020-05-06,8,28
Surry,2020-05-07,3,31
Surry,2020-05-08,4,35
Surry,2020-05-09,5,40
Surry,2020-05-10,2,42
Surry,2020-05-11,4,46
Surry,2020-05-12,4,50
Surry,2020-05-13,11,61
Surry,2020-05-14,9,70
Surry,2020-05-15,9,79
Surry,2020-05-16,11,90
Surry,2020-05-17,2,92
Surry,2020-05-18,5,97
Surry,2020-05-19,4,101
Surry,2020-05-20,8,109
Surry,2020-05-21,12,121
Surry,2020-05-22,28,149
Surry,2020-05-23,6,155
Surry,2020-05-24,4,159
Surry,2020-05-25,8,167
Surry,2020-05-26,7,174
Surry,2020-05-27,13,187
Surry,2020-05-28,10,197
Surry,2020-05-29,5,202
Surry,2020-05-30,12,214
Surry,2020-05-31,4,218
Surry,2020-06-01,5,223
Surry,2020-06-02,12,235
Surry,2020-06-03,18,253
Surry,2020-06-04,16,269
Surry,2020-06-05,4,273
Surry,2020-06-06,2,275
Surry,2020-06-07,3,278
Surry,2020-06-08,13,291
Surry,2020-06-09,2,293
Surry,2020-06-10,6,299
Surry,2020-06-11,16,315
Surry,2020-06-12,8,323
Surry,2020-06-13,6,329
Surry,2020-06-14,7,336
Surry,2020-06-15,4,340
Surry,2020-06-16,5,345
Surry,2020-06-17,7,352
Surry,2020-06-18,18,370
Surry,2020-06-19,10,380
Surry,2020-06-20,2,382
Surry,2020-06-21,8,390
Surry,2020-06-22,7,397
Surry,2020-06-23,17,414
Surry,2020-06-24,4,418
Surry,2020-06-25,21,439
Surry,2020-06-26,7,446
Surry,2020-06-27,7,453
Surry,2020-06-28,13,466
Surry,2020-06-29,4,470
Surry,2020-06-30,10,480
Surry,2020-07-01,5,485
Surry,2020-07-02,11,496
Surry,2020-07-03,3,499
Surry,2020-07-04,6,505
Surry,2020-07-05,15,520
Surry,2020-07-06,10,530
Surry,2020-07-07,8,538
Surry,2020-07-08,16,554
Surry,2020-07-09,17,571
Surry,2020-07-10,7,578
Surry,2020-07-11,11,589
Surry,2020-07-13,10,599
Surry,2020-07-14,18,617
Surry,2020-07-15,16,633
Surry,2020-07-16,13,646
Surry,2020-07-17,10,656
Surry,2020-07-18,16,672
Surry,2020-07-19,7,679
Surry,2020-07-20,12,691
Surry,2020-07-21,10,701
Surry,2020-07-22,13,714
Surry,2020-07-23,22,736
Surry,2020-07-24,13,749
Surry,2020-07-25,11,760
Surry,2020-07-26,14,774
Surry,2020-07-27,20,794
Surry,2020-07-28,18,812
Surry,2020-07-29,17,829
Surry,2020-07-30,17,846
Surry,2020-07-31,11,857
Surry,2020-08-01,10,867
Surry,2020-08-02,8,875
Surry,2020-08-03,4,879
Surry,2020-08-04,2,881
Surry,2020-08-05,21,902
Surry,2020-08-06,23,925
Surry,2020-08-07,22,947
Surry,2020-08-08,12,959
Surry,2020-08-09,4,963
Surry,2020-08-10,5,968
Surry,2020-08-11,22,990
Surry,2020-08-12,8,998
Surry,2020-08-13,16,1014
Surry,2020-08-14,15,1029
Surry,2020-08-15,10,1039
Surry,2020-08-16,7,1046
Surry,2020-08-17,6,1052
Surry,2020-08-18,7,1059
Surry,2020-08-19,7,1066
Surry,2020-08-20,18,1084
Surry,2020-08-21,12,1096
Surry,2020-08-22,4,1100
Surry,2020-08-23,15,1115
Surry,2020-08-24,3,1118
Surry,2020-08-25,8,1126
Surry,2020-08-26,5,1131
Surry,2020-08-27,16,1147
Surry,2020-08-28,7,1154
Surry,2020-08-29,10,1164
Surry,2020-08-30,3,1167
Surry,2020-08-31,3,1170
Surry,2020-09-01,9,1179
Surry,2020-09-02,9,1188
Surry,2020-09-03,8,1196
Surry,2020-09-04,10,1206
Surry,2020-09-05,3,1209
Surry,2020-09-06,6,1215
Surry,2020-09-07,10,1225
Surry,2020-09-08,1,1226
Surry,2020-09-09,5,1231
Surry,2020-09-10,5,1236
Surry,2020-09-11,4,1240
Surry,2020-09-12,2,1242
Surry,2020-09-13,2,1244
Surry,2020-09-14,2,1246
Surry,2020-09-15,6,1252
Surry,2020-09-16,7,1259
Surry,2020-09-17,9,1268
Surry,2020-09-18,3,1271
Surry,2020-09-19,4,1275
Surry,2020-09-20,1,1276
Surry,2020-09-21,4,1280
Surry,2020-09-22,1,1281
Surry,2020-09-23,5,1286
Surry,2020-09-24,1,1287
Surry,2020-09-25,1,1288
Surry,2020-09-26,7,1295
Surry,2020-09-27,6,1301
Surry,2020-09-28,6,1307
Surry,2020-09-29,9,1316
Surry,2020-09-30,11,1327
Surry,2020-10-01,7,1334
Surry,2020-10-02,8,1342
Surry,2020-10-03,5,1347
Surry,2020-10-04,4,1351
Surry,2020-10-05,10,1361
Surry,2020-10-06,7,1368
Surry,2020-10-07,6,1374
Surry,2020-10-08,12,1386
Surry,2020-10-09,17,1403
Surry,2020-10-10,14,1417
Surry,2020-10-11,4,1421
Surry,2020-10-12,9,1430
Surry,2020-10-13,13,1443
Surry,2020-10-14,17,1460
Surry,2020-10-15,19,1479
Surry,2020-10-16,19,1498
Surry,2020-10-17,8,1506
Surry,2020-10-18,10,1516
Surry,2020-10-19,7,1523
Surry,2020-10-20,9,1532
Surry,2020-10-21,16,1548
Surry,2020-10-22,24,1572
Surry,2020-10-23,16,1588
Surry,2020-10-24,23,1611
Surry,2020-10-25,20,1631
Surry,2020-10-26,16,1647
Surry,2020-10-27,27,1674
Surry,2020-10-28,24,1698
Surry,2020-10-29,33,1731
Surry,2020-10-30,23,1754
Surry,2020-10-31,28,1782
Surry,2020-11-01,16,1798
Surry,2020-11-02,13,1811
Surry,2020-11-03,25,1836
Surry,2020-11-04,25,1861
Surry,2020-11-05,26,1887
Surry,2020-11-06,17,1904
Surry,2020-11-07,21,1925
Surry,2020-11-08,16,1941
Surry,2020-11-09,18,1959
Surry,2020-11-10,29,1988
Surry,2020-11-11,25,2013
Surry,2020-11-12,21,2034
Surry,2020-11-13,28,2062
Surry,2020-11-14,15,2077
Surry,2020-11-15,9,2086
Surry,2020-11-16,19,2105
Surry,2020-11-17,39,2144
Surry,2020-11-18,49,2193
Surry,2020-11-19,28,2221
Surry,2020-11-20,32,2253
Surry,2020-11-21,21,2274
Surry,2020-11-22,13,2287
Surry,2020-11-23,28,2315
Surry,2020-11-24,15,2330
Surry,2020-11-25,39,2369
Surry,2020-11-26,19,2388
Surry,2020-11-27,18,2406
Surry,2020-11-28,40,2446
Surry,2020-11-29,10,2456
Surry,2020-11-30,22,2478
Surry,2020-12-01,24,2502
Surry,2020-12-02,45,2547
Surry,2020-12-03,41,2588
Surry,2020-12-04,37,2625
Surry,2020-12-05,35,2660
Surry,2020-12-06,33,2693
Surry,2020-12-07,45,2738
Surry,2020-12-08,28,2766
Surry,2020-12-09,65,2831
Surry,2020-12-10,51,2882
Surry,2020-12-11,44,2926
Surry,2020-12-12,58,2984
Surry,2020-12-13,31,3015
Surry,2020-12-14,31,3046
Surry,2020-12-15,37,3083
Swain,2020-04-26,3,3
Swain,2020-04-30,2,5
Swain,2020-05-03,1,6
Swain,2020-05-15,1,7
Swain,2020-05-17,1,8
Swain,2020-05-21,2,10
Swain,2020-05-26,2,12
Swain,2020-05-29,2,14
Swain,2020-05-30,2,16
Swain,2020-06-01,4,20
Swain,2020-06-02,1,21
Swain,2020-06-03,3,24
Swain,2020-06-06,2,26
Swain,2020-06-07,1,27
Swain,2020-06-08,5,32
Swain,2020-06-09,1,33
Swain,2020-06-10,1,34
Swain,2020-06-11,2,36
Swain,2020-06-12,2,38
Swain,2020-06-16,1,39
Swain,2020-06-18,2,41
Swain,2020-06-19,2,43
Swain,2020-06-22,6,49
Swain,2020-06-23,1,50
Swain,2020-06-26,1,51
Swain,2020-06-29,3,54
Swain,2020-06-30,5,59
Swain,2020-07-01,1,60
Swain,2020-07-02,2,62
Swain,2020-07-06,6,68
Swain,2020-07-09,2,70
Swain,2020-07-10,1,71
Swain,2020-07-13,6,77
Swain,2020-07-14,1,78
Swain,2020-07-15,3,81
Swain,2020-07-18,1,82
Swain,2020-07-20,3,85
Swain,2020-07-21,2,87
Swain,2020-07-22,2,89
Swain,2020-07-23,2,91
Swain,2020-07-25,2,93
Swain,2020-07-26,4,97
Swain,2020-07-27,1,98
Swain,2020-07-28,2,100
Swain,2020-07-29,1,101
Swain,2020-07-30,3,104
Swain,2020-07-31,2,106
Swain,2020-08-03,1,107
Swain,2020-08-04,2,109
Swain,2020-08-05,2,111
Swain,2020-08-06,2,113
Swain,2020-08-07,1,114
Swain,2020-08-10,3,117
Swain,2020-08-11,1,118
Swain,2020-08-12,1,119
Swain,2020-08-14,1,120
Swain,2020-08-16,1,121
Swain,2020-08-17,1,122
Swain,2020-08-24,2,124
Swain,2020-08-27,4,128
Swain,2020-08-28,1,129
Swain,2020-08-29,1,130
Swain,2020-08-31,1,131
Swain,2020-09-01,1,132
Swain,2020-09-02,2,134
Swain,2020-09-10,2,136
Swain,2020-09-13,1,137
Swain,2020-09-15,2,139
Swain,2020-09-23,1,140
Swain,2020-09-25,1,141
Swain,2020-09-26,1,142
Swain,2020-09-27,2,144
Swain,2020-09-28,2,146
Swain,2020-09-29,0,146
Swain,2020-09-30,5,151
Swain,2020-10-02,1,152
Swain,2020-10-03,2,154
Swain,2020-10-04,3,157
Swain,2020-10-05,5,162
Swain,2020-10-06,1,163
Swain,2020-10-07,6,169
Swain,2020-10-08,4,173
Swain,2020-10-09,6,179
Swain,2020-10-10,5,184
Swain,2020-10-11,3,187
Swain,2020-10-12,2,189
Swain,2020-10-13,6,195
Swain,2020-10-14,4,199
Swain,2020-10-15,4,203
Swain,2020-10-16,5,208
Swain,2020-10-17,3,211
Swain,2020-10-18,2,213
Swain,2020-10-19,5,218
Swain,2020-10-20,3,221
Swain,2020-10-21,9,230
Swain,2020-10-22,11,241
Swain,2020-10-23,3,244
Swain,2020-10-24,12,256
Swain,2020-10-25,2,258
Swain,2020-10-26,4,262
Swain,2020-10-27,4,266
Swain,2020-10-28,2,268
Swain,2020-10-29,1,269
Swain,2020-10-30,1,270
Swain,2020-10-31,4,274
Swain,2020-11-02,1,275
Swain,2020-11-03,3,278
Swain,2020-11-04,1,279
Swain,2020-11-05,1,280
Swain,2020-11-06,4,284
Swain,2020-11-07,0,284
Swain,2020-11-08,1,285
Swain,2020-11-09,1,286
Swain,2020-11-10,1,287
Swain,2020-11-11,3,290
Swain,2020-11-12,3,293
Swain,2020-11-13,1,294
Swain,2020-11-14,6,300
Swain,2020-11-15,1,301
Swain,2020-11-16,0,301
Swain,2020-11-17,1,302
Swain,2020-11-18,2,304
Swain,2020-11-19,3,307
Swain,2020-11-20,4,311
Swain,2020-11-21,1,312
Swain,2020-11-22,0,312
Swain,2020-11-23,1,313
Swain,2020-11-24,3,316
Swain,2020-11-25,0,316
Swain,2020-11-26,1,317
Swain,2020-11-27,3,320
Swain,2020-11-28,0,320
Swain,2020-11-29,2,322
Swain,2020-11-30,6,328
Swain,2020-12-01,7,335
Swain,2020-12-02,2,337
Swain,2020-12-03,6,343
Swain,2020-12-04,7,350
Swain,2020-12-05,6,356
Swain,2020-12-06,4,360
Swain,2020-12-07,8,368
Swain,2020-12-08,4,372
Swain,2020-12-09,2,374
Swain,2020-12-10,5,379
Swain,2020-12-11,9,388
Swain,2020-12-12,9,397
Swain,2020-12-13,2,399
Swain,2020-12-14,5,404
Swain,2020-12-15,5,409
Transylvania,2020-03-23,1,1
Transylvania,2020-03-24,1,2
Transylvania,2020-03-27,1,3
Transylvania,2020-03-31,2,5
Transylvania,2020-04-06,1,6
Transylvania,2020-04-15,1,7
Transylvania,2020-04-18,2,9
Transylvania,2020-05-15,1,10
Transylvania,2020-05-20,1,11
Transylvania,2020-05-21,1,12
Transylvania,2020-05-22,1,13
Transylvania,2020-05-28,1,14
Transylvania,2020-05-31,1,15
Transylvania,2020-06-04,1,16
Transylvania,2020-06-13,1,17
Transylvania,2020-06-18,1,18
Transylvania,2020-06-19,1,19
Transylvania,2020-06-20,1,20
Transylvania,2020-06-26,1,21
Transylvania,2020-06-27,1,22
Transylvania,2020-06-28,1,23
Transylvania,2020-07-02,3,26
Transylvania,2020-07-03,2,28
Transylvania,2020-07-04,4,32
Transylvania,2020-07-05,3,35
Transylvania,2020-07-06,1,36
Transylvania,2020-07-07,2,38
Transylvania,2020-07-08,2,40
Transylvania,2020-07-09,3,43
Transylvania,2020-07-10,2,45
Transylvania,2020-07-11,5,50
Transylvania,2020-07-12,4,54
Transylvania,2020-07-13,6,60
Transylvania,2020-07-14,4,64
Transylvania,2020-07-16,7,71
Transylvania,2020-07-17,5,76
Transylvania,2020-07-18,9,85
Transylvania,2020-07-19,8,93
Transylvania,2020-07-20,4,97
Transylvania,2020-07-21,1,98
Transylvania,2020-07-22,5,103
Transylvania,2020-07-23,1,104
Transylvania,2020-07-24,2,106
Transylvania,2020-07-25,1,107
Transylvania,2020-07-27,2,109
Transylvania,2020-07-28,1,110
Transylvania,2020-07-29,6,116
Transylvania,2020-07-30,4,120
Transylvania,2020-07-31,2,122
Transylvania,2020-08-01,5,127
Transylvania,2020-08-02,1,128
Transylvania,2020-08-05,5,133
Transylvania,2020-08-06,3,136
Transylvania,2020-08-07,1,137
Transylvania,2020-08-08,3,140
Transylvania,2020-08-09,1,141
Transylvania,2020-08-10,1,142
Transylvania,2020-08-11,5,147
Transylvania,2020-08-12,4,151
Transylvania,2020-08-13,8,159
Transylvania,2020-08-14,2,161
Transylvania,2020-08-15,6,167
Transylvania,2020-08-16,2,169
Transylvania,2020-08-17,11,180
Transylvania,2020-08-18,3,183
Transylvania,2020-08-19,6,189
Transylvania,2020-08-20,25,214
Transylvania,2020-08-22,1,215
Transylvania,2020-08-23,2,217
Transylvania,2020-08-24,6,223
Transylvania,2020-08-25,13,236
Transylvania,2020-08-26,4,240
Transylvania,2020-08-27,6,246
Transylvania,2020-08-28,11,257
Transylvania,2020-08-29,3,260
Transylvania,2020-08-30,4,264
Transylvania,2020-08-31,2,266
Transylvania,2020-09-02,4,270
Transylvania,2020-09-03,1,271
Transylvania,2020-09-04,7,278
Transylvania,2020-09-05,4,282
Transylvania,2020-09-06,2,284
Transylvania,2020-09-07,1,285
Transylvania,2020-09-08,4,289
Transylvania,2020-09-09,2,291
Transylvania,2020-09-10,2,293
Transylvania,2020-09-11,2,295
Transylvania,2020-09-12,5,300
Transylvania,2020-09-13,2,302
Transylvania,2020-09-14,3,305
Transylvania,2020-09-15,1,306
Transylvania,2020-09-17,3,309
Transylvania,2020-09-18,3,312
Transylvania,2020-09-19,1,313
Transylvania,2020-09-20,2,315
Transylvania,2020-09-21,8,323
Transylvania,2020-09-22,1,324
Transylvania,2020-09-23,1,325
Transylvania,2020-09-25,3,328
Transylvania,2020-09-27,1,329
Transylvania,2020-09-28,1,330
Transylvania,2020-09-29,2,332
Transylvania,2020-09-30,2,334
Transylvania,2020-10-01,2,336
Transylvania,2020-10-02,1,337
Transylvania,2020-10-04,4,341
Transylvania,2020-10-05,2,343
Transylvania,2020-10-06,1,344
Transylvania,2020-10-07,5,349
Transylvania,2020-10-09,2,351
Transylvania,2020-10-10,4,355
Transylvania,2020-10-11,2,357
Transylvania,2020-10-12,4,361
Transylvania,2020-10-13,5,366
Transylvania,2020-10-14,3,369
Transylvania,2020-10-15,12,381
Transylvania,2020-10-16,3,384
Transylvania,2020-10-17,2,386
Transylvania,2020-10-18,1,387
Transylvania,2020-10-19,3,390
Transylvania,2020-10-20,3,393
Transylvania,2020-10-21,4,397
Transylvania,2020-10-22,3,400
Transylvania,2020-10-23,4,404
Transylvania,2020-10-24,1,405
Transylvania,2020-10-25,1,406
Transylvania,2020-10-26,2,408
Transylvania,2020-10-27,8,416
Transylvania,2020-10-28,6,422
Transylvania,2020-10-29,2,424
Transylvania,2020-10-31,3,427
Transylvania,2020-11-01,1,428
Transylvania,2020-11-02,8,436
Transylvania,2020-11-03,5,441
Transylvania,2020-11-04,4,445
Transylvania,2020-11-05,3,448
Transylvania,2020-11-06,2,450
Transylvania,2020-11-09,8,458
Transylvania,2020-11-10,3,461
Transylvania,2020-11-11,2,463
Transylvania,2020-11-12,10,473
Transylvania,2020-11-13,2,475
Transylvania,2020-11-16,4,479
Transylvania,2020-11-17,7,486
Transylvania,2020-11-18,4,490
Transylvania,2020-11-19,7,497
Transylvania,2020-11-20,1,498
Transylvania,2020-11-21,1,499
Transylvania,2020-11-22,2,501
Transylvania,2020-11-23,18,519
Transylvania,2020-11-24,10,529
Transylvania,2020-11-25,4,533
Transylvania,2020-11-26,12,545
Transylvania,2020-11-27,5,550
Transylvania,2020-11-28,7,557
Transylvania,2020-11-29,4,561
Transylvania,2020-11-30,7,568
Transylvania,2020-12-01,5,573
Transylvania,2020-12-02,10,583
Transylvania,2020-12-03,4,587
Transylvania,2020-12-04,10,597
Transylvania,2020-12-05,7,604
Transylvania,2020-12-06,3,607
Transylvania,2020-12-07,6,613
Transylvania,2020-12-08,7,620
Transylvania,2020-12-09,16,636
Transylvania,2020-12-10,25,661
Transylvania,2020-12-11,5,666
Transylvania,2020-12-12,7,673
Transylvania,2020-12-13,5,678
Transylvania,2020-12-14,13,691
Transylvania,2020-12-15,4,695
Tyrrell,2020-04-13,2,2
Tyrrell,2020-04-14,1,3
Tyrrell,2020-04-15,1,4
Tyrrell,2020-06-10,1,5
Tyrrell,2020-06-23,1,6
Tyrrell,2020-06-24,1,7
Tyrrell,2020-06-25,1,8
Tyrrell,2020-06-27,1,9
Tyrrell,2020-06-28,1,10
Tyrrell,2020-06-29,1,11
Tyrrell,2020-07-01,1,12
Tyrrell,2020-07-03,1,13
Tyrrell,2020-07-04,3,16
Tyrrell,2020-07-05,1,17
Tyrrell,2020-07-06,13,30
Tyrrell,2020-07-07,0,30
Tyrrell,2020-07-08,3,33
Tyrrell,2020-07-09,4,37
Tyrrell,2020-07-10,5,42
Tyrrell,2020-07-11,10,52
Tyrrell,2020-07-12,2,54
Tyrrell,2020-07-13,7,61
Tyrrell,2020-07-14,2,63
Tyrrell,2020-07-17,2,65
Tyrrell,2020-07-18,1,66
Tyrrell,2020-07-19,4,70
Tyrrell,2020-07-20,8,78
Tyrrell,2020-07-21,2,80
Tyrrell,2020-07-22,2,82
Tyrrell,2020-07-23,1,83
Tyrrell,2020-07-24,3,86
Tyrrell,2020-07-25,1,87
Tyrrell,2020-07-26,1,88
Tyrrell,2020-07-27,2,90
Tyrrell,2020-07-29,1,91
Tyrrell,2020-08-04,2,93
Tyrrell,2020-08-06,3,96
Tyrrell,2020-08-07,2,98
Tyrrell,2020-08-12,3,101
Tyrrell,2020-08-13,1,102
Tyrrell,2020-08-14,1,103
Tyrrell,2020-08-15,1,104
Tyrrell,2020-08-24,1,105
Tyrrell,2020-08-25,1,106
Tyrrell,2020-08-28,2,108
Tyrrell,2020-08-31,1,109
Tyrrell,2020-09-10,2,111
Tyrrell,2020-09-13,1,112
Tyrrell,2020-09-19,1,113
Tyrrell,2020-09-21,1,114
Tyrrell,2020-10-04,1,115
Tyrrell,2020-10-05,1,116
Tyrrell,2020-10-09,1,117
Tyrrell,2020-10-15,2,119
Tyrrell,2020-10-16,2,121
Tyrrell,2020-10-17,2,123
Tyrrell,2020-10-18,1,124
Tyrrell,2020-10-19,1,125
Tyrrell,2020-10-21,1,126
Tyrrell,2020-10-22,1,127
Tyrrell,2020-10-24,1,128
Tyrrell,2020-10-27,0,128
Tyrrell,2020-11-04,2,130
Tyrrell,2020-11-11,1,131
Tyrrell,2020-11-17,0,131
Tyrrell,2020-11-18,1,132
Tyrrell,2020-11-19,1,133
Tyrrell,2020-11-21,1,134
Tyrrell,2020-11-23,1,135
Tyrrell,2020-11-30,1,136
Tyrrell,2020-12-02,1,137
Tyrrell,2020-12-04,2,139
Tyrrell,2020-12-05,5,144
Tyrrell,2020-12-06,2,146
Tyrrell,2020-12-07,2,148
Tyrrell,2020-12-08,2,150
Tyrrell,2020-12-09,0,150
Tyrrell,2020-12-10,2,152
Tyrrell,2020-12-12,1,153
Union,2020-03-18,1,1
Union,2020-03-19,1,2
Union,2020-03-20,2,4
Union,2020-03-21,5,9
Union,2020-03-22,4,13
Union,2020-03-23,1,14
Union,2020-03-24,3,17
Union,2020-03-25,7,24
Union,2020-03-26,3,27
Union,2020-03-27,4,31
Union,2020-03-28,5,36
Union,2020-03-29,2,38
Union,2020-03-30,4,42
Union,2020-04-01,8,50
Union,2020-04-02,9,59
Union,2020-04-03,2,61
Union,2020-04-04,7,68
Union,2020-04-05,3,71
Union,2020-04-06,9,80
Union,2020-04-07,3,83
Union,2020-04-08,5,88
Union,2020-04-09,7,95
Union,2020-04-10,4,99
Union,2020-04-11,1,100
Union,2020-04-12,2,102
Union,2020-04-13,3,105
Union,2020-04-14,7,112
Union,2020-04-15,4,116
Union,2020-04-16,20,136
Union,2020-04-17,5,141
Union,2020-04-18,1,142
Union,2020-04-19,15,157
Union,2020-04-20,10,167
Union,2020-04-21,4,171
Union,2020-04-22,9,180
Union,2020-04-23,2,182
Union,2020-04-24,10,192
Union,2020-04-25,4,196
Union,2020-04-26,9,205
Union,2020-04-27,2,207
Union,2020-04-28,10,217
Union,2020-04-29,23,240
Union,2020-04-30,6,246
Union,2020-05-01,3,249
Union,2020-05-02,3,252
Union,2020-05-03,7,259
Union,2020-05-05,7,266
Union,2020-05-06,12,278
Union,2020-05-07,7,285
Union,2020-05-08,5,290
Union,2020-05-09,2,292
Union,2020-05-10,4,296
Union,2020-05-11,2,298
Union,2020-05-12,8,306
Union,2020-05-13,2,308
Union,2020-05-14,9,317
Union,2020-05-15,28,345
Union,2020-05-16,5,350
Union,2020-05-17,2,352
Union,2020-05-18,5,357
Union,2020-05-19,2,359
Union,2020-05-20,7,366
Union,2020-05-21,5,371
Union,2020-05-22,9,380
Union,2020-05-23,15,395
Union,2020-05-24,6,401
Union,2020-05-25,3,404
Union,2020-05-26,6,410
Union,2020-05-27,6,416
Union,2020-05-28,22,438
Union,2020-05-29,9,447
Union,2020-05-30,13,460
Union,2020-05-31,8,468
Union,2020-06-01,13,481
Union,2020-06-02,18,499
Union,2020-06-03,35,534
Union,2020-06-04,14,548
Union,2020-06-05,22,570
Union,2020-06-06,12,582
Union,2020-06-07,17,599
Union,2020-06-08,12,611
Union,2020-06-09,12,623
Union,2020-06-10,34,657
Union,2020-06-11,18,675
Union,2020-06-12,21,696
Union,2020-06-13,23,719
Union,2020-06-14,20,739
Union,2020-06-15,22,761
Union,2020-06-16,12,773
Union,2020-06-17,39,812
Union,2020-06-18,45,857
Union,2020-06-19,30,887
Union,2020-06-20,35,922
Union,2020-06-21,42,964
Union,2020-06-22,19,983
Union,2020-06-23,19,1002
Union,2020-06-24,55,1057
Union,2020-06-25,24,1081
Union,2020-06-26,54,1135
Union,2020-06-27,32,1167
Union,2020-06-28,26,1193
Union,2020-06-29,39,1232
Union,2020-06-30,40,1272
Union,2020-07-01,55,1327
Union,2020-07-02,70,1397
Union,2020-07-03,41,1438
Union,2020-07-04,33,1471
Union,2020-07-05,63,1534
Union,2020-07-06,34,1568
Union,2020-07-07,30,1598
Union,2020-07-08,68,1666
Union,2020-07-09,69,1735
Union,2020-07-10,62,1797
Union,2020-07-11,48,1845
Union,2020-07-12,37,1882
Union,2020-07-13,50,1932
Union,2020-07-14,40,1972
Union,2020-07-15,83,2055
Union,2020-07-16,55,2110
Union,2020-07-17,60,2170
Union,2020-07-18,43,2213
Union,2020-07-19,30,2243
Union,2020-07-20,39,2282
Union,2020-07-21,43,2325
Union,2020-07-22,72,2397
Union,2020-07-23,66,2463
Union,2020-07-24,34,2497
Union,2020-07-25,35,2532
Union,2020-07-26,31,2563
Union,2020-07-27,43,2606
Union,2020-07-28,36,2642
Union,2020-07-29,61,2703
Union,2020-07-30,50,2753
Union,2020-07-31,40,2793
Union,2020-08-01,41,2834
Union,2020-08-02,35,2869
Union,2020-08-03,35,2904
Union,2020-08-04,33,2937
Union,2020-08-05,63,3000
Union,2020-08-06,45,3045
Union,2020-08-07,44,3089
Union,2020-08-08,34,3123
Union,2020-08-09,18,3141
Union,2020-08-10,39,3180
Union,2020-08-11,26,3206
Union,2020-08-12,47,3253
Union,2020-08-13,38,3291
Union,2020-08-14,54,3345
Union,2020-08-15,51,3396
Union,2020-08-16,24,3420
Union,2020-08-17,41,3461
Union,2020-08-18,35,3496
Union,2020-08-19,62,3558
Union,2020-08-20,51,3609
Union,2020-08-21,33,3642
Union,2020-08-22,36,3678
Union,2020-08-23,29,3707
Union,2020-08-24,29,3736
Union,2020-08-25,30,3766
Union,2020-08-26,51,3817
Union,2020-08-27,53,3870
Union,2020-08-28,38,3908
Union,2020-08-29,20,3928
Union,2020-08-30,27,3955
Union,2020-08-31,22,3977
Union,2020-09-01,49,4026
Union,2020-09-02,36,4062
Union,2020-09-03,34,4096
Union,2020-09-04,28,4124
Union,2020-09-05,25,4149
Union,2020-09-06,27,4176
Union,2020-09-07,23,4199
Union,2020-09-08,35,4234
Union,2020-09-09,32,4266
Union,2020-09-10,31,4297
Union,2020-09-11,27,4324
Union,2020-09-12,20,4344
Union,2020-09-13,36,4380
Union,2020-09-14,36,4416
Union,2020-09-15,35,4451
Union,2020-09-16,34,4485
Union,2020-09-17,37,4522
Union,2020-09-18,22,4544
Union,2020-09-19,17,4561
Union,2020-09-20,14,4575
Union,2020-09-21,32,4607
Union,2020-09-22,20,4627
Union,2020-09-23,21,4648
Union,2020-09-24,27,4675
Union,2020-09-25,37,4712
Union,2020-09-26,21,4733
Union,2020-09-27,33,4766
Union,2020-09-28,40,4806
Union,2020-09-29,20,4826
Union,2020-09-30,47,4873
Union,2020-10-01,41,4914
Union,2020-10-02,40,4954
Union,2020-10-03,31,4985
Union,2020-10-04,26,5011
Union,2020-10-05,29,5040
Union,2020-10-06,39,5079
Union,2020-10-07,37,5116
Union,2020-10-08,43,5159
Union,2020-10-09,34,5193
Union,2020-10-10,20,5213
Union,2020-10-11,18,5231
Union,2020-10-12,30,5261
Union,2020-10-13,32,5293
Union,2020-10-14,48,5341
Union,2020-10-15,36,5377
Union,2020-10-16,36,5413
Union,2020-10-17,27,5440
Union,2020-10-18,26,5466
Union,2020-10-19,40,5506
Union,2020-10-20,38,5544
Union,2020-10-21,28,5572
Union,2020-10-22,43,5615
Union,2020-10-23,31,5646
Union,2020-10-24,24,5670
Union,2020-10-25,28,5698
Union,2020-10-26,31,5729
Union,2020-10-27,26,5755
Union,2020-10-28,40,5795
Union,2020-10-29,38,5833
Union,2020-10-30,51,5884
Union,2020-10-31,33,5917
Union,2020-11-01,34,5951
Union,2020-11-02,42,5993
Union,2020-11-03,68,6061
Union,2020-11-04,49,6110
Union,2020-11-05,40,6150
Union,2020-11-06,43,6193
Union,2020-11-07,40,6233
Union,2020-11-08,38,6271
Union,2020-11-09,62,6333
Union,2020-11-10,58,6391
Union,2020-11-11,53,6444
Union,2020-11-12,70,6514
Union,2020-11-13,67,6581
Union,2020-11-14,47,6628
Union,2020-11-15,37,6665
Union,2020-11-16,67,6732
Union,2020-11-17,77,6809
Union,2020-11-18,64,6873
Union,2020-11-19,76,6949
Union,2020-11-20,64,7013
Union,2020-11-21,46,7059
Union,2020-11-22,56,7115
Union,2020-11-23,81,7196
Union,2020-11-24,73,7269
Union,2020-11-25,85,7354
Union,2020-11-26,71,7425
Union,2020-11-27,102,7527
Union,2020-11-28,99,7626
Union,2020-11-29,82,7708
Union,2020-11-30,92,7800
Union,2020-12-01,98,7898
Union,2020-12-02,137,8035
Union,2020-12-03,145,8180
Union,2020-12-04,138,8318
Union,2020-12-05,149,8467
Union,2020-12-06,85,8552
Union,2020-12-07,141,8693
Union,2020-12-08,117,8810
Union,2020-12-09,153,8963
Union,2020-12-10,144,9107
Union,2020-12-11,155,9262
Union,2020-12-12,135,9397
Union,2020-12-13,118,9515
Union,2020-12-14,119,9634
Union,2020-12-15,96,9730
Vance,2020-03-22,1,1
Vance,2020-03-23,1,2
Vance,2020-03-27,1,3
Vance,2020-03-30,1,4
Vance,2020-04-01,2,6
Vance,2020-04-02,1,7
Vance,2020-04-03,2,9
Vance,2020-04-04,2,11
Vance,2020-04-06,1,12
Vance,2020-04-07,3,15
Vance,2020-04-08,2,17
Vance,2020-04-09,2,19
Vance,2020-04-13,4,23
Vance,2020-04-14,1,24
Vance,2020-04-15,1,25
Vance,2020-04-16,4,29
Vance,2020-04-17,1,30
Vance,2020-04-18,2,32
Vance,2020-04-20,1,33
Vance,2020-04-21,3,36
Vance,2020-04-22,2,38
Vance,2020-04-23,2,40
Vance,2020-04-24,1,41
Vance,2020-04-25,10,51
Vance,2020-04-26,28,79
Vance,2020-04-27,1,80
Vance,2020-04-28,4,84
Vance,2020-04-29,7,91
Vance,2020-04-30,6,97
Vance,2020-05-01,15,112
Vance,2020-05-02,3,115
Vance,2020-05-04,4,119
Vance,2020-05-05,3,122
Vance,2020-05-06,25,147
Vance,2020-05-07,6,153
Vance,2020-05-08,10,163
Vance,2020-05-09,2,165
Vance,2020-05-10,1,166
Vance,2020-05-11,4,170
Vance,2020-05-12,3,173
Vance,2020-05-13,2,175
Vance,2020-05-14,8,183
Vance,2020-05-15,4,187
Vance,2020-05-16,5,192
Vance,2020-05-17,3,195
Vance,2020-05-18,1,196
Vance,2020-05-19,6,202
Vance,2020-05-20,7,209
Vance,2020-05-21,7,216
Vance,2020-05-22,23,239
Vance,2020-05-24,5,244
Vance,2020-05-25,11,255
Vance,2020-05-26,16,271
Vance,2020-05-27,11,282
Vance,2020-05-28,8,290
Vance,2020-05-29,13,303
Vance,2020-05-30,13,316
Vance,2020-05-31,4,320
Vance,2020-06-01,4,324
Vance,2020-06-02,8,332
Vance,2020-06-03,10,342
Vance,2020-06-04,7,349
Vance,2020-06-05,10,359
Vance,2020-06-06,5,364
Vance,2020-06-07,5,369
Vance,2020-06-08,6,375
Vance,2020-06-09,3,378
Vance,2020-06-10,10,388
Vance,2020-06-11,14,402
Vance,2020-06-12,6,408
Vance,2020-06-13,5,413
Vance,2020-06-14,1,414
Vance,2020-06-15,3,417
Vance,2020-06-16,5,422
Vance,2020-06-17,12,434
Vance,2020-06-18,4,438
Vance,2020-06-19,6,444
Vance,2020-06-20,7,451
Vance,2020-06-21,4,455
Vance,2020-06-22,9,464
Vance,2020-06-23,14,478
Vance,2020-06-24,7,485
Vance,2020-06-25,6,491
Vance,2020-06-26,1,492
Vance,2020-06-27,6,498
Vance,2020-06-28,2,500
Vance,2020-06-29,8,508
Vance,2020-06-30,3,511
Vance,2020-07-01,1,512
Vance,2020-07-02,10,522
Vance,2020-07-03,1,523
Vance,2020-07-04,3,526
Vance,2020-07-05,1,527
Vance,2020-07-06,7,534
Vance,2020-07-07,7,541
Vance,2020-07-08,10,551
Vance,2020-07-09,6,557
Vance,2020-07-10,5,562
Vance,2020-07-11,5,567
Vance,2020-07-12,19,586
Vance,2020-07-13,4,590
Vance,2020-07-14,3,593
Vance,2020-07-15,5,598
Vance,2020-07-16,7,605
Vance,2020-07-17,11,616
Vance,2020-07-18,6,622
Vance,2020-07-19,10,632
Vance,2020-07-20,1,633
Vance,2020-07-21,10,643
Vance,2020-07-22,5,648
Vance,2020-07-23,20,668
Vance,2020-07-24,14,682
Vance,2020-07-25,5,687
Vance,2020-07-26,3,690
Vance,2020-07-27,12,702
Vance,2020-07-28,1,703
Vance,2020-07-29,8,711
Vance,2020-07-30,9,720
Vance,2020-07-31,8,728
Vance,2020-08-01,6,734
Vance,2020-08-02,2,736
Vance,2020-08-03,4,740
Vance,2020-08-04,7,747
Vance,2020-08-05,6,753
Vance,2020-08-06,8,761
Vance,2020-08-07,6,767
Vance,2020-08-08,6,773
Vance,2020-08-09,5,778
Vance,2020-08-10,1,779
Vance,2020-08-11,8,787
Vance,2020-08-12,7,794
Vance,2020-08-13,8,802
Vance,2020-08-14,5,807
Vance,2020-08-15,6,813
Vance,2020-08-16,3,816
Vance,2020-08-17,3,819
Vance,2020-08-18,5,824
Vance,2020-08-19,10,834
Vance,2020-08-20,9,843
Vance,2020-08-21,7,850
Vance,2020-08-22,2,852
Vance,2020-08-23,4,856
Vance,2020-08-24,8,864
Vance,2020-08-25,5,869
Vance,2020-08-26,11,880
Vance,2020-08-27,13,893
Vance,2020-08-28,4,897
Vance,2020-08-29,7,904
Vance,2020-08-30,6,910
Vance,2020-08-31,4,914
Vance,2020-09-01,3,917
Vance,2020-09-02,12,929
Vance,2020-09-03,7,936
Vance,2020-09-04,5,941
Vance,2020-09-05,7,948
Vance,2020-09-06,6,954
Vance,2020-09-07,1,955
Vance,2020-09-08,2,957
Vance,2020-09-09,4,961
Vance,2020-09-10,9,970
Vance,2020-09-11,6,976
Vance,2020-09-12,4,980
Vance,2020-09-13,6,986
Vance,2020-09-14,5,991
Vance,2020-09-15,4,995
Vance,2020-09-16,7,1002
Vance,2020-09-17,4,1006
Vance,2020-09-18,7,1013
Vance,2020-09-19,3,1016
Vance,2020-09-20,2,1018
Vance,2020-09-21,5,1023
Vance,2020-09-22,2,1025
Vance,2020-09-23,6,1031
Vance,2020-09-24,4,1035
Vance,2020-09-25,4,1039
Vance,2020-09-26,1,1040
Vance,2020-09-27,9,1049
Vance,2020-09-28,3,1052
Vance,2020-09-29,8,1060
Vance,2020-09-30,11,1071
Vance,2020-10-01,6,1077
Vance,2020-10-02,3,1080
Vance,2020-10-03,4,1084
Vance,2020-10-04,4,1088
Vance,2020-10-05,2,1090
Vance,2020-10-06,4,1094
Vance,2020-10-07,4,1098
Vance,2020-10-08,2,1100
Vance,2020-10-09,5,1105
Vance,2020-10-10,5,1110
Vance,2020-10-11,2,1112
Vance,2020-10-12,8,1120
Vance,2020-10-13,1,1121
Vance,2020-10-14,8,1129
Vance,2020-10-15,4,1133
Vance,2020-10-16,6,1139
Vance,2020-10-17,5,1144
Vance,2020-10-18,3,1147
Vance,2020-10-19,4,1151
Vance,2020-10-20,10,1161
Vance,2020-10-21,9,1170
Vance,2020-10-22,5,1175
Vance,2020-10-23,13,1188
Vance,2020-10-24,4,1192
Vance,2020-10-25,3,1195
Vance,2020-10-26,1,1196
Vance,2020-10-27,7,1203
Vance,2020-10-28,10,1213
Vance,2020-10-29,9,1222
Vance,2020-10-30,11,1233
Vance,2020-10-31,4,1237
Vance,2020-11-01,10,1247
Vance,2020-11-02,6,1253
Vance,2020-11-03,8,1261
Vance,2020-11-04,24,1285
Vance,2020-11-05,17,1302
Vance,2020-11-06,14,1316
Vance,2020-11-07,10,1326
Vance,2020-11-08,6,1332
Vance,2020-11-09,7,1339
Vance,2020-11-10,9,1348
Vance,2020-11-11,28,1376
Vance,2020-11-12,35,1411
Vance,2020-11-13,23,1434
Vance,2020-11-14,14,1448
Vance,2020-11-15,13,1461
Vance,2020-11-16,6,1467
Vance,2020-11-17,20,1487
Vance,2020-11-18,29,1516
Vance,2020-11-19,32,1548
Vance,2020-11-20,18,1566
Vance,2020-11-21,9,1575
Vance,2020-11-22,20,1595
Vance,2020-11-23,26,1621
Vance,2020-11-24,22,1643
Vance,2020-11-25,26,1669
Vance,2020-11-26,24,1693
Vance,2020-11-27,27,1720
Vance,2020-11-28,17,1737
Vance,2020-11-29,13,1750
Vance,2020-11-30,26,1776
Vance,2020-12-01,24,1800
Vance,2020-12-02,45,1845
Vance,2020-12-03,29,1874
Vance,2020-12-04,40,1914
Vance,2020-12-05,13,1927
Vance,2020-12-06,24,1951
Vance,2020-12-07,23,1974
Vance,2020-12-08,36,2010
Vance,2020-12-09,28,2038
Vance,2020-12-10,30,2068
Vance,2020-12-11,44,2112
Vance,2020-12-12,29,2141
Vance,2020-12-13,14,2155
Vance,2020-12-14,21,2176
Vance,2020-12-15,28,2204
Wake,2020-03-02,1,1
Wake,2020-03-09,5,6
Wake,2020-03-11,1,7
Wake,2020-03-12,1,8
Wake,2020-03-13,2,10
Wake,2020-03-14,3,13
Wake,2020-03-16,1,14
Wake,2020-03-17,3,17
Wake,2020-03-18,6,23
Wake,2020-03-20,7,30
Wake,2020-03-21,14,44
Wake,2020-03-22,3,47
Wake,2020-03-23,7,54
Wake,2020-03-24,15,69
Wake,2020-03-25,13,82
Wake,2020-03-26,25,107
Wake,2020-03-27,16,123
Wake,2020-03-28,14,137
Wake,2020-03-29,13,150
Wake,2020-03-30,27,177
Wake,2020-03-31,16,193
Wake,2020-04-01,35,228
Wake,2020-04-02,26,254
Wake,2020-04-03,25,279
Wake,2020-04-04,21,300
Wake,2020-04-05,11,311
Wake,2020-04-06,22,333
Wake,2020-04-07,18,351
Wake,2020-04-08,9,360
Wake,2020-04-09,21,381
Wake,2020-04-10,17,398
Wake,2020-04-11,50,448
Wake,2020-04-12,13,461
Wake,2020-04-13,19,480
Wake,2020-04-14,14,494
Wake,2020-04-15,37,531
Wake,2020-04-16,13,544
Wake,2020-04-17,14,558
Wake,2020-04-18,13,571
Wake,2020-04-19,3,574
Wake,2020-04-20,14,588
Wake,2020-04-21,8,596
Wake,2020-04-22,7,603
Wake,2020-04-23,14,617
Wake,2020-04-24,12,629
Wake,2020-04-25,10,639
Wake,2020-04-26,11,650
Wake,2020-04-27,99,749
Wake,2020-04-28,18,767
Wake,2020-04-29,31,798
Wake,2020-04-30,24,822
Wake,2020-05-01,21,843
Wake,2020-05-02,14,857
Wake,2020-05-03,18,875
Wake,2020-05-04,25,900
Wake,2020-05-05,20,920
Wake,2020-05-06,27,947
Wake,2020-05-07,21,968
Wake,2020-05-08,32,1000
Wake,2020-05-09,11,1011
Wake,2020-05-10,20,1031
Wake,2020-05-11,16,1047
Wake,2020-05-12,21,1068
Wake,2020-05-13,28,1096
Wake,2020-05-14,31,1127
Wake,2020-05-15,35,1162
Wake,2020-05-16,36,1198
Wake,2020-05-17,15,1213
Wake,2020-05-18,35,1248
Wake,2020-05-19,24,1272
Wake,2020-05-20,47,1319
Wake,2020-05-21,41,1360
Wake,2020-05-22,45,1405
Wake,2020-05-23,26,1431
Wake,2020-05-24,21,1452
Wake,2020-05-25,22,1474
Wake,2020-05-26,50,1524
Wake,2020-05-27,36,1560
Wake,2020-05-28,53,1613
Wake,2020-05-29,59,1672
Wake,2020-05-30,47,1719
Wake,2020-05-31,29,1748
Wake,2020-06-01,72,1820
Wake,2020-06-02,52,1872
Wake,2020-06-03,74,1946
Wake,2020-06-04,98,2044
Wake,2020-06-05,71,2115
Wake,2020-06-06,64,2179
Wake,2020-06-07,99,2278
Wake,2020-06-08,73,2351
Wake,2020-06-09,77,2428
Wake,2020-06-10,102,2530
Wake,2020-06-11,182,2712
Wake,2020-06-12,130,2842
Wake,2020-06-13,120,2962
Wake,2020-06-14,99,3061
Wake,2020-06-15,62,3123
Wake,2020-06-16,94,3217
Wake,2020-06-17,127,3344
Wake,2020-06-18,136,3480
Wake,2020-06-19,162,3642
Wake,2020-06-20,140,3782
Wake,2020-06-21,131,3913
Wake,2020-06-22,140,4053
Wake,2020-06-23,134,4187
Wake,2020-06-24,101,4288
Wake,2020-06-25,155,4443
Wake,2020-06-26,184,4627
Wake,2020-06-27,123,4750
Wake,2020-06-28,138,4888
Wake,2020-06-29,111,4999
Wake,2020-06-30,231,5230
Wake,2020-07-01,130,5360
Wake,2020-07-02,214,5574
Wake,2020-07-03,157,5731
Wake,2020-07-04,171,5902
Wake,2020-07-05,149,6051
Wake,2020-07-06,154,6205
Wake,2020-07-07,161,6366
Wake,2020-07-08,229,6595
Wake,2020-07-09,204,6799
Wake,2020-07-10,297,7096
Wake,2020-07-11,126,7222
Wake,2020-07-12,191,7413
Wake,2020-07-13,196,7609
Wake,2020-07-14,168,7777
Wake,2020-07-15,232,8009
Wake,2020-07-16,208,8217
Wake,2020-07-17,124,8341
Wake,2020-07-18,124,8465
Wake,2020-07-19,67,8532
Wake,2020-07-20,261,8793
Wake,2020-07-21,206,8999
Wake,2020-07-22,212,9211
Wake,2020-07-23,211,9422
Wake,2020-07-24,241,9663
Wake,2020-07-25,171,9834
Wake,2020-07-26,136,9970
Wake,2020-07-27,154,10124
Wake,2020-07-28,142,10266
Wake,2020-07-29,185,10451
Wake,2020-07-30,199,10650
Wake,2020-07-31,170,10820
Wake,2020-08-01,129,10949
Wake,2020-08-02,128,11077
Wake,2020-08-03,109,11186
Wake,2020-08-04,98,11284
Wake,2020-08-05,149,11433
Wake,2020-08-06,179,11612
Wake,2020-08-07,152,11764
Wake,2020-08-08,127,11891
Wake,2020-08-09,59,11950
Wake,2020-08-10,90,12040
Wake,2020-08-11,127,12167
Wake,2020-08-12,119,12286
Wake,2020-08-13,106,12392
Wake,2020-08-14,89,12481
Wake,2020-08-15,74,12555
Wake,2020-08-16,72,12627
Wake,2020-08-17,105,12732
Wake,2020-08-18,92,12824
Wake,2020-08-19,195,13019
Wake,2020-08-20,193,13212
Wake,2020-08-21,170,13382
Wake,2020-08-22,201,13583
Wake,2020-08-23,117,13700
Wake,2020-08-24,166,13866
Wake,2020-08-25,117,13983
Wake,2020-08-26,226,14209
Wake,2020-08-27,182,14391
Wake,2020-08-28,113,14504
Wake,2020-08-29,265,14769
Wake,2020-08-30,80,14849
Wake,2020-08-31,193,15042
Wake,2020-09-01,140,15182
Wake,2020-09-02,97,15279
Wake,2020-09-03,111,15390
Wake,2020-09-04,165,15555
Wake,2020-09-05,57,15612
Wake,2020-09-06,46,15658
Wake,2020-09-07,69,15727
Wake,2020-09-08,77,15804
Wake,2020-09-09,53,15857
Wake,2020-09-10,100,15957
Wake,2020-09-11,117,16074
Wake,2020-09-12,101,16175
Wake,2020-09-13,61,16236
Wake,2020-09-14,111,16347
Wake,2020-09-15,67,16414
Wake,2020-09-16,133,16547
Wake,2020-09-17,83,16630
Wake,2020-09-18,54,16684
Wake,2020-09-19,53,16737
Wake,2020-09-20,70,16807
Wake,2020-09-21,80,16887
Wake,2020-09-22,53,16940
Wake,2020-09-23,84,17024
Wake,2020-09-24,83,17107
Wake,2020-09-25,86,17193
Wake,2020-09-26,65,17258
Wake,2020-09-27,61,17319
Wake,2020-09-28,63,17382
Wake,2020-09-29,59,17441
Wake,2020-09-30,89,17530
Wake,2020-10-01,107,17637
Wake,2020-10-02,104,17741
Wake,2020-10-03,59,17800
Wake,2020-10-04,156,17956
Wake,2020-10-05,137,18093
Wake,2020-10-06,90,18183
Wake,2020-10-07,165,18348
Wake,2020-10-08,112,18460
Wake,2020-10-09,123,18583
Wake,2020-10-10,64,18647
Wake,2020-10-11,93,18740
Wake,2020-10-12,109,18849
Wake,2020-10-13,78,18927
Wake,2020-10-14,121,19048
Wake,2020-10-15,134,19182
Wake,2020-10-16,101,19283
Wake,2020-10-17,70,19353
Wake,2020-10-18,103,19456
Wake,2020-10-19,93,19549
Wake,2020-10-20,63,19612
Wake,2020-10-21,120,19732
Wake,2020-10-22,126,19858
Wake,2020-10-23,149,20007
Wake,2020-10-24,187,20194
Wake,2020-10-25,83,20277
Wake,2020-10-26,262,20539
Wake,2020-10-27,117,20656
Wake,2020-10-28,144,20800
Wake,2020-10-29,179,20979
Wake,2020-10-30,165,21144
Wake,2020-10-31,131,21275
Wake,2020-11-01,139,21414
Wake,2020-11-02,134,21548
Wake,2020-11-03,155,21703
Wake,2020-11-04,213,21916
Wake,2020-11-05,212,22128
Wake,2020-11-06,198,22326
Wake,2020-11-07,147,22473
Wake,2020-11-08,109,22582
Wake,2020-11-09,208,22790
Wake,2020-11-10,276,23066
Wake,2020-11-11,174,23240
Wake,2020-11-12,298,23538
Wake,2020-11-13,270,23808
Wake,2020-11-14,222,24030
Wake,2020-11-15,159,24189
Wake,2020-11-16,258,24447
Wake,2020-11-17,314,24761
Wake,2020-11-18,284,25045
Wake,2020-11-19,292,25337
Wake,2020-11-20,231,25568
Wake,2020-11-21,231,25799
Wake,2020-11-22,163,25962
Wake,2020-11-23,359,26321
Wake,2020-11-24,268,26589
Wake,2020-11-25,297,26886
Wake,2020-11-26,271,27157
Wake,2020-11-27,374,27531
Wake,2020-11-28,304,27835
Wake,2020-11-29,132,27967
Wake,2020-11-30,330,28297
Wake,2020-12-01,401,28698
Wake,2020-12-02,571,29269
Wake,2020-12-03,409,29678
Wake,2020-12-04,514,30192
Wake,2020-12-05,434,30626
Wake,2020-12-06,356,30982
Wake,2020-12-07,465,31447
Wake,2020-12-08,399,31846
Wake,2020-12-09,581,32427
Wake,2020-12-10,365,32792
Wake,2020-12-11,900,33692
Wake,2020-12-12,477,34169
Wake,2020-12-13,239,34408
Wake,2020-12-14,427,34835
Wake,2020-12-15,280,35115
Warren,2020-04-03,1,1
Warren,2020-04-04,1,2
Warren,2020-04-06,1,3
Warren,2020-04-24,1,4
Warren,2020-04-27,2,6
Warren,2020-04-28,1,7
Warren,2020-04-29,3,10
Warren,2020-04-30,5,15
Warren,2020-05-01,1,16
Warren,2020-05-03,1,17
Warren,2020-05-05,1,18
Warren,2020-05-06,1,19
Warren,2020-05-07,3,22
Warren,2020-05-08,1,23
Warren,2020-05-13,2,25
Warren,2020-05-14,1,26
Warren,2020-05-15,6,32
Warren,2020-05-16,1,33
Warren,2020-05-19,2,35
Warren,2020-05-20,3,38
Warren,2020-05-21,9,47
Warren,2020-05-22,5,52
Warren,2020-05-23,1,53
Warren,2020-05-27,2,55
Warren,2020-05-28,2,57
Warren,2020-05-29,5,62
Warren,2020-05-30,1,63
Warren,2020-06-01,3,66
Warren,2020-06-02,4,70
Warren,2020-06-03,5,75
Warren,2020-06-04,6,81
Warren,2020-06-05,7,88
Warren,2020-06-06,3,91
Warren,2020-06-08,20,111
Warren,2020-06-09,4,115
Warren,2020-06-10,7,122
Warren,2020-06-11,4,126
Warren,2020-06-12,3,129
Warren,2020-06-13,2,131
Warren,2020-06-14,2,133
Warren,2020-06-15,2,135
Warren,2020-06-16,1,136
Warren,2020-06-17,8,144
Warren,2020-06-18,1,145
Warren,2020-06-19,1,146
Warren,2020-06-20,3,149
Warren,2020-06-21,1,150
Warren,2020-06-22,1,151
Warren,2020-06-23,3,154
Warren,2020-06-24,1,155
Warren,2020-06-26,3,158
Warren,2020-06-29,1,159
Warren,2020-07-02,4,163
Warren,2020-07-03,2,165
Warren,2020-07-04,6,171
Warren,2020-07-05,3,174
Warren,2020-07-06,1,175
Warren,2020-07-07,1,176
Warren,2020-07-08,5,181
Warren,2020-07-09,5,186
Warren,2020-07-10,4,190
Warren,2020-07-11,4,194
Warren,2020-07-12,1,195
Warren,2020-07-15,7,202
Warren,2020-07-16,5,207
Warren,2020-07-17,2,209
Warren,2020-07-19,1,210
Warren,2020-07-21,5,215
Warren,2020-07-22,3,218
Warren,2020-07-23,5,223
Warren,2020-07-24,5,228
Warren,2020-07-25,2,230
Warren,2020-07-26,1,231
Warren,2020-07-27,5,236
Warren,2020-07-29,5,241
Warren,2020-07-30,2,243
Warren,2020-07-31,1,244
Warren,2020-08-01,3,247
Warren,2020-08-02,2,249
Warren,2020-08-03,3,252
Warren,2020-08-04,3,255
Warren,2020-08-05,1,256
Warren,2020-08-06,3,259
Warren,2020-08-09,2,261
Warren,2020-08-10,1,262
Warren,2020-08-11,2,264
Warren,2020-08-12,3,267
Warren,2020-08-13,3,270
Warren,2020-08-14,2,272
Warren,2020-08-15,1,273
Warren,2020-08-16,1,274
Warren,2020-08-17,3,277
Warren,2020-08-19,3,280
Warren,2020-08-20,2,282
Warren,2020-08-21,2,284
Warren,2020-08-24,2,286
Warren,2020-08-26,2,288
Warren,2020-08-30,3,291
Warren,2020-08-31,2,293
Warren,2020-09-02,1,294
Warren,2020-09-03,2,296
Warren,2020-09-04,2,298
Warren,2020-09-06,1,299
Warren,2020-09-07,1,300
Warren,2020-09-10,1,301
Warren,2020-09-12,2,303
Warren,2020-09-13,2,305
Warren,2020-09-14,1,306
Warren,2020-09-15,3,309
Warren,2020-09-16,2,311
Warren,2020-09-17,3,314
Warren,2020-09-18,2,316
Warren,2020-09-19,2,318
Warren,2020-09-20,1,319
Warren,2020-09-21,7,326
Warren,2020-09-22,1,327
Warren,2020-09-23,10,337
Warren,2020-09-24,2,339
Warren,2020-09-25,2,341
Warren,2020-09-26,7,348
Warren,2020-09-27,2,350
Warren,2020-09-29,3,353
Warren,2020-09-30,5,358
Warren,2020-10-01,3,361
Warren,2020-10-02,3,364
Warren,2020-10-03,1,365
Warren,2020-10-04,1,366
Warren,2020-10-06,4,370
Warren,2020-10-07,2,372
Warren,2020-10-08,3,375
Warren,2020-10-09,3,378
Warren,2020-10-10,1,379
Warren,2020-10-12,2,381
Warren,2020-10-13,2,383
Warren,2020-10-14,2,385
Warren,2020-10-15,2,387
Warren,2020-10-16,5,392
Warren,2020-10-17,10,402
Warren,2020-10-20,3,405
Warren,2020-10-21,5,410
Warren,2020-10-22,6,416
Warren,2020-10-23,3,419
Warren,2020-10-24,3,422
Warren,2020-10-25,1,423
Warren,2020-10-27,39,462
Warren,2020-10-28,14,476
Warren,2020-10-29,6,482
Warren,2020-10-30,3,485
Warren,2020-10-31,5,490
Warren,2020-11-01,4,494
Warren,2020-11-02,1,495
Warren,2020-11-03,14,509
Warren,2020-11-04,5,514
Warren,2020-11-05,8,522
Warren,2020-11-06,2,524
Warren,2020-11-08,2,526
Warren,2020-11-09,1,527
Warren,2020-11-10,6,533
Warren,2020-11-11,4,537
Warren,2020-11-12,3,540
Warren,2020-11-13,4,544
Warren,2020-11-14,6,550
Warren,2020-11-15,3,553
Warren,2020-11-17,16,569
Warren,2020-11-18,6,575
Warren,2020-11-19,8,583
Warren,2020-11-20,7,590
Warren,2020-11-21,2,592
Warren,2020-11-22,2,594
Warren,2020-11-23,9,603
Warren,2020-11-24,6,609
Warren,2020-11-25,33,642
Warren,2020-11-26,6,648
Warren,2020-11-27,14,662
Warren,2020-11-28,15,677
Warren,2020-11-29,16,693
Warren,2020-11-30,4,697
Warren,2020-12-01,6,703
Warren,2020-12-02,14,717
Warren,2020-12-03,8,725
Warren,2020-12-04,48,773
Warren,2020-12-05,76,849
Warren,2020-12-06,12,861
Warren,2020-12-07,8,869
Warren,2020-12-08,11,880
Warren,2020-12-09,5,885
Warren,2020-12-10,7,892
Warren,2020-12-11,49,941
Warren,2020-12-12,12,953
Warren,2020-12-13,5,958
Warren,2020-12-14,5,963
Warren,2020-12-15,3,966
Washington,2020-03-28,1,1
Washington,2020-03-30,1,2
Washington,2020-04-03,1,3
Washington,2020-04-04,1,4
Washington,2020-04-05,2,6
Washington,2020-04-06,1,7
Washington,2020-04-07,1,8
Washington,2020-04-08,3,11
Washington,2020-04-09,3,14
Washington,2020-04-10,1,15
Washington,2020-04-12,2,17
Washington,2020-04-13,1,18
Washington,2020-04-17,1,19
Washington,2020-04-18,1,20
Washington,2020-04-19,1,21
Washington,2020-04-22,1,22
Washington,2020-04-23,1,23
Washington,2020-04-24,1,24
Washington,2020-04-29,1,25
Washington,2020-05-13,1,26
Washington,2020-05-26,1,27
Washington,2020-05-30,2,29
Washington,2020-05-31,1,30
Washington,2020-06-02,2,32
Washington,2020-06-10,1,33
Washington,2020-06-12,1,34
Washington,2020-06-16,1,35
Washington,2020-06-19,1,36
Washington,2020-06-22,1,37
Washington,2020-06-26,1,38
Washington,2020-07-01,1,39
Washington,2020-07-02,1,40
Washington,2020-07-06,1,41
Washington,2020-07-07,1,42
Washington,2020-07-09,1,43
Washington,2020-07-10,6,49
Washington,2020-07-11,1,50
Washington,2020-07-12,2,52
Washington,2020-07-13,2,54
Washington,2020-07-14,5,59
Washington,2020-07-15,1,60
Washington,2020-07-16,4,64
Washington,2020-07-17,2,66
Washington,2020-07-18,10,76
Washington,2020-07-19,5,81
Washington,2020-07-20,6,87
Washington,2020-07-21,6,93
Washington,2020-07-22,3,96
Washington,2020-07-23,2,98
Washington,2020-07-24,1,99
Washington,2020-07-25,6,105
Washington,2020-07-26,1,106
Washington,2020-07-27,2,108
Washington,2020-07-28,2,110
Washington,2020-07-29,3,113
Washington,2020-07-30,2,115
Washington,2020-07-31,5,120
Washington,2020-08-01,2,122
Washington,2020-08-03,3,125
Washington,2020-08-04,3,128
Washington,2020-08-05,3,131
Washington,2020-08-07,3,134
Washington,2020-08-08,1,135
Washington,2020-08-10,2,137
Washington,2020-08-12,1,138
Washington,2020-08-13,2,140
Washington,2020-08-14,5,145
Washington,2020-08-15,2,147
Washington,2020-08-17,3,150
Washington,2020-08-18,4,154
Washington,2020-08-19,3,157
Washington,2020-08-20,2,159
Washington,2020-08-21,3,162
Washington,2020-08-22,7,169
Washington,2020-08-23,1,170
Washington,2020-08-26,2,172
Washington,2020-08-28,1,173
Washington,2020-08-29,4,177
Washington,2020-08-30,1,178
Washington,2020-08-31,1,179
Washington,2020-09-01,1,180
Washington,2020-09-02,3,183
Washington,2020-09-03,4,187
Washington,2020-09-04,1,188
Washington,2020-09-05,1,189
Washington,2020-09-06,2,191
Washington,2020-09-07,1,192
Washington,2020-09-08,1,193
Washington,2020-09-09,2,195
Washington,2020-09-11,2,197
Washington,2020-09-14,1,198
Washington,2020-09-16,2,200
Washington,2020-09-18,1,201
Washington,2020-09-22,0,201
Washington,2020-09-23,1,202
Washington,2020-09-24,1,203
Washington,2020-09-26,1,204
Washington,2020-09-27,1,205
Washington,2020-09-28,1,206
Washington,2020-09-29,3,209
Washington,2020-09-30,1,210
Washington,2020-10-01,2,212
Washington,2020-10-02,2,214
Washington,2020-10-04,1,215
Washington,2020-10-05,1,216
Washington,2020-10-06,1,217
Washington,2020-10-08,3,220
Washington,2020-10-09,2,222
Washington,2020-10-12,1,223
Washington,2020-10-13,1,224
Washington,2020-10-14,3,227
Washington,2020-10-15,4,231
Washington,2020-10-18,0,231
Washington,2020-10-19,1,232
Washington,2020-10-21,2,234
Washington,2020-10-22,2,236
Washington,2020-10-23,2,238
Washington,2020-10-24,2,240
Washington,2020-10-26,3,243
Washington,2020-10-27,1,244
Washington,2020-10-28,6,250
Washington,2020-10-29,1,251
Washington,2020-10-30,10,261
Washington,2020-10-31,2,263
Washington,2020-11-02,1,264
Washington,2020-11-04,1,265
Washington,2020-11-05,1,266
Washington,2020-11-06,2,268
Washington,2020-11-07,1,269
Washington,2020-11-08,1,270
Washington,2020-11-10,2,272
Washington,2020-11-11,1,273
Washington,2020-11-12,1,274
Washington,2020-11-13,1,275
Washington,2020-11-14,2,277
Washington,2020-11-15,3,280
Washington,2020-11-16,4,284
Washington,2020-11-17,1,285
Washington,2020-11-19,2,287
Washington,2020-11-20,4,291
Washington,2020-11-21,1,292
Washington,2020-11-22,1,293
Washington,2020-11-23,1,294
Washington,2020-11-24,1,295
Washington,2020-11-25,2,297
Washington,2020-11-26,3,300
Washington,2020-11-27,2,302
Washington,2020-11-28,6,308
Washington,2020-11-29,1,309
Washington,2020-12-01,7,316
Washington,2020-12-02,2,318
Washington,2020-12-03,4,322
Washington,2020-12-04,4,326
Washington,2020-12-05,3,329
Washington,2020-12-06,1,330
Washington,2020-12-07,2,332
Washington,2020-12-08,8,340
Washington,2020-12-09,5,345
Washington,2020-12-10,2,347
Washington,2020-12-11,5,352
Washington,2020-12-12,1,353
Washington,2020-12-13,3,356
Washington,2020-12-14,1,357
Washington,2020-12-15,1,358
Watauga,2020-03-12,1,1
Watauga,2020-03-18,1,2
Watauga,2020-03-25,1,3
Watauga,2020-03-26,1,4
Watauga,2020-03-27,1,5
Watauga,2020-03-31,2,7
Watauga,2020-04-01,1,8
Watauga,2020-04-10,1,9
Watauga,2020-05-06,1,10
Watauga,2020-05-17,2,12
Watauga,2020-05-19,1,13
Watauga,2020-05-23,1,14
Watauga,2020-05-26,2,16
Watauga,2020-05-29,3,19
Watauga,2020-05-30,4,23
Watauga,2020-06-01,2,25
Watauga,2020-06-02,1,26
Watauga,2020-06-03,3,29
Watauga,2020-06-04,1,30
Watauga,2020-06-05,1,31
Watauga,2020-06-06,1,32
Watauga,2020-06-07,1,33
Watauga,2020-06-08,1,34
Watauga,2020-06-11,1,35
Watauga,2020-06-12,2,37
Watauga,2020-06-17,2,39
Watauga,2020-06-19,3,42
Watauga,2020-06-21,2,44
Watauga,2020-06-22,1,45
Watauga,2020-06-24,1,46
Watauga,2020-06-25,1,47
Watauga,2020-06-26,8,55
Watauga,2020-06-27,5,60
Watauga,2020-06-28,2,62
Watauga,2020-06-29,2,64
Watauga,2020-06-30,4,68
Watauga,2020-07-01,2,70
Watauga,2020-07-02,3,73
Watauga,2020-07-03,7,80
Watauga,2020-07-04,8,88
Watauga,2020-07-05,7,95
Watauga,2020-07-06,4,99
Watauga,2020-07-08,4,103
Watauga,2020-07-09,9,112
Watauga,2020-07-10,6,118
Watauga,2020-07-11,5,123
Watauga,2020-07-12,9,132
Watauga,2020-07-13,5,137
Watauga,2020-07-14,5,142
Watauga,2020-07-15,15,157
Watauga,2020-07-16,11,168
Watauga,2020-07-17,9,177
Watauga,2020-07-18,3,180
Watauga,2020-07-19,5,185
Watauga,2020-07-20,5,190
Watauga,2020-07-21,2,192
Watauga,2020-07-22,4,196
Watauga,2020-07-23,7,203
Watauga,2020-07-24,10,213
Watauga,2020-07-25,8,221
Watauga,2020-07-26,3,224
Watauga,2020-07-27,18,242
Watauga,2020-07-28,2,244
Watauga,2020-07-29,10,254
Watauga,2020-07-30,4,258
Watauga,2020-07-31,5,263
Watauga,2020-08-01,5,268
Watauga,2020-08-02,5,273
Watauga,2020-08-03,3,276
Watauga,2020-08-04,4,280
Watauga,2020-08-05,7,287
Watauga,2020-08-06,4,291
Watauga,2020-08-07,10,301
Watauga,2020-08-08,6,307
Watauga,2020-08-09,2,309
Watauga,2020-08-10,2,311
Watauga,2020-08-11,3,314
Watauga,2020-08-12,10,324
Watauga,2020-08-13,15,339
Watauga,2020-08-14,16,355
Watauga,2020-08-15,5,360
Watauga,2020-08-16,7,367
Watauga,2020-08-17,4,371
Watauga,2020-08-18,0,371
Watauga,2020-08-19,13,384
Watauga,2020-08-20,10,394
Watauga,2020-08-21,6,400
Watauga,2020-08-22,6,406
Watauga,2020-08-23,6,412
Watauga,2020-08-24,0,412
Watauga,2020-08-25,3,415
Watauga,2020-08-26,12,427
Watauga,2020-08-27,8,435
Watauga,2020-08-28,5,440
Watauga,2020-08-29,12,452
Watauga,2020-08-30,9,461
Watauga,2020-08-31,3,464
Watauga,2020-09-01,9,473
Watauga,2020-09-02,9,482
Watauga,2020-09-03,3,485
Watauga,2020-09-04,14,499
Watauga,2020-09-05,5,504
Watauga,2020-09-06,4,508
Watauga,2020-09-07,8,516
Watauga,2020-09-08,5,521
Watauga,2020-09-09,2,523
Watauga,2020-09-10,9,532
Watauga,2020-09-11,11,543
Watauga,2020-09-12,7,550
Watauga,2020-09-13,19,569
Watauga,2020-09-14,6,575
Watauga,2020-09-15,16,591
Watauga,2020-09-16,3,594
Watauga,2020-09-17,7,601
Watauga,2020-09-18,21,622
Watauga,2020-09-19,9,631
Watauga,2020-09-20,13,644
Watauga,2020-09-21,4,648
Watauga,2020-09-22,12,660
Watauga,2020-09-23,13,673
Watauga,2020-09-24,21,694
Watauga,2020-09-25,14,708
Watauga,2020-09-26,12,720
Watauga,2020-09-27,35,755
Watauga,2020-09-28,36,791
Watauga,2020-09-29,10,801
Watauga,2020-09-30,25,826
Watauga,2020-10-01,43,869
Watauga,2020-10-02,28,897
Watauga,2020-10-03,35,932
Watauga,2020-10-04,32,964
Watauga,2020-10-05,32,996
Watauga,2020-10-06,11,1007
Watauga,2020-10-07,31,1038
Watauga,2020-10-08,30,1068
Watauga,2020-10-09,31,1099
Watauga,2020-10-10,12,1111
Watauga,2020-10-11,14,1125
Watauga,2020-10-12,14,1139
Watauga,2020-10-13,9,1148
Watauga,2020-10-14,25,1173
Watauga,2020-10-15,16,1189
Watauga,2020-10-16,5,1194
Watauga,2020-10-17,13,1207
Watauga,2020-10-18,9,1216
Watauga,2020-10-19,13,1229
Watauga,2020-10-20,15,1244
Watauga,2020-10-21,10,1254
Watauga,2020-10-22,11,1265
Watauga,2020-10-23,9,1274
Watauga,2020-10-24,7,1281
Watauga,2020-10-25,15,1296
Watauga,2020-10-26,5,1301
Watauga,2020-10-27,1,1302
Watauga,2020-10-28,6,1308
Watauga,2020-10-29,8,1316
Watauga,2020-10-30,2,1318
Watauga,2020-10-31,10,1328
Watauga,2020-11-01,6,1334
Watauga,2020-11-02,6,1340
Watauga,2020-11-03,2,1342
Watauga,2020-11-04,12,1354
Watauga,2020-11-05,10,1364
Watauga,2020-11-06,8,1372
Watauga,2020-11-07,10,1382
Watauga,2020-11-08,8,1390
Watauga,2020-11-09,13,1403
Watauga,2020-11-10,6,1409
Watauga,2020-11-11,10,1419
Watauga,2020-11-12,17,1436
Watauga,2020-11-13,14,1450
Watauga,2020-11-14,8,1458
Watauga,2020-11-15,13,1471
Watauga,2020-11-16,14,1485
Watauga,2020-11-17,18,1503
Watauga,2020-11-18,25,1528
Watauga,2020-11-19,28,1556
Watauga,2020-11-20,18,1574
Watauga,2020-11-21,11,1585
Watauga,2020-11-22,18,1603
Watauga,2020-11-23,12,1615
Watauga,2020-11-24,10,1625
Watauga,2020-11-25,12,1637
Watauga,2020-11-26,21,1658
Watauga,2020-11-27,15,1673
Watauga,2020-11-28,5,1678
Watauga,2020-11-29,6,1684
Watauga,2020-11-30,11,1695
Watauga,2020-12-01,7,1702
Watauga,2020-12-02,13,1715
Watauga,2020-12-03,27,1742
Watauga,2020-12-04,18,1760
Watauga,2020-12-05,21,1781
Watauga,2020-12-06,14,1795
Watauga,2020-12-07,10,1805
Watauga,2020-12-08,11,1816
Watauga,2020-12-09,15,1831
Watauga,2020-12-10,29,1860
Watauga,2020-12-11,16,1876
Watauga,2020-12-12,16,1892
Watauga,2020-12-13,15,1907
Watauga,2020-12-14,11,1918
Watauga,2020-12-15,3,1921
Wayne,2020-03-22,1,1
Wayne,2020-03-25,1,2
Wayne,2020-03-28,1,3
Wayne,2020-03-30,1,4
Wayne,2020-03-31,1,5
Wayne,2020-04-01,1,6
Wayne,2020-04-02,3,9
Wayne,2020-04-03,2,11
Wayne,2020-04-04,3,14
Wayne,2020-04-05,10,24
Wayne,2020-04-06,3,27
Wayne,2020-04-07,9,36
Wayne,2020-04-08,9,45
Wayne,2020-04-09,8,53
Wayne,2020-04-10,10,63
Wayne,2020-04-11,3,66
Wayne,2020-04-12,2,68
Wayne,2020-04-13,10,78
Wayne,2020-04-14,9,87
Wayne,2020-04-15,14,101
Wayne,2020-04-16,137,238
Wayne,2020-04-17,75,313
Wayne,2020-04-18,146,459
Wayne,2020-04-19,111,570
Wayne,2020-04-20,7,577
Wayne,2020-04-22,11,588
Wayne,2020-04-23,14,602
Wayne,2020-04-24,10,612
Wayne,2020-04-25,10,622
Wayne,2020-04-26,4,626
Wayne,2020-04-27,5,631
Wayne,2020-04-28,4,635
Wayne,2020-04-29,11,646
Wayne,2020-04-30,15,661
Wayne,2020-05-01,8,669
Wayne,2020-05-02,8,677
Wayne,2020-05-03,5,682
Wayne,2020-05-04,3,685
Wayne,2020-05-05,3,688
Wayne,2020-05-06,17,705
Wayne,2020-05-07,13,718
Wayne,2020-05-08,14,732
Wayne,2020-05-09,19,751
Wayne,2020-05-10,6,757
Wayne,2020-05-11,5,762
Wayne,2020-05-12,6,768
Wayne,2020-05-13,17,785
Wayne,2020-05-14,14,799
Wayne,2020-05-15,21,820
Wayne,2020-05-16,12,832
Wayne,2020-05-17,26,858
Wayne,2020-05-18,12,870
Wayne,2020-05-19,11,881
Wayne,2020-05-20,23,904
Wayne,2020-05-21,43,947
Wayne,2020-05-22,25,972
Wayne,2020-05-23,18,990
Wayne,2020-05-24,21,1011
Wayne,2020-05-25,14,1025
Wayne,2020-05-26,17,1042
Wayne,2020-05-27,11,1053
Wayne,2020-05-28,29,1082
Wayne,2020-05-29,22,1104
Wayne,2020-05-30,24,1128
Wayne,2020-05-31,30,1158
Wayne,2020-06-01,14,1172
Wayne,2020-06-02,3,1175
Wayne,2020-06-03,33,1208
Wayne,2020-06-04,26,1234
Wayne,2020-06-05,24,1258
Wayne,2020-06-06,31,1289
Wayne,2020-06-07,33,1322
Wayne,2020-06-08,11,1333
Wayne,2020-06-09,31,1364
Wayne,2020-06-10,31,1395
Wayne,2020-06-11,45,1440
Wayne,2020-06-12,20,1460
Wayne,2020-06-13,34,1494
Wayne,2020-06-14,30,1524
Wayne,2020-06-15,6,1530
Wayne,2020-06-16,11,1541
Wayne,2020-06-17,23,1564
Wayne,2020-06-18,28,1592
Wayne,2020-06-19,29,1621
Wayne,2020-06-20,16,1637
Wayne,2020-06-21,21,1658
Wayne,2020-06-22,27,1685
Wayne,2020-06-23,13,1698
Wayne,2020-06-24,12,1710
Wayne,2020-06-25,11,1721
Wayne,2020-06-26,33,1754
Wayne,2020-06-27,19,1773
Wayne,2020-06-28,22,1795
Wayne,2020-06-29,8,1803
Wayne,2020-06-30,30,1833
Wayne,2020-07-01,14,1847
Wayne,2020-07-02,14,1861
Wayne,2020-07-03,16,1877
Wayne,2020-07-04,17,1894
Wayne,2020-07-05,15,1909
Wayne,2020-07-06,14,1923
Wayne,2020-07-07,9,1932
Wayne,2020-07-08,13,1945
Wayne,2020-07-09,11,1956
Wayne,2020-07-10,16,1972
Wayne,2020-07-11,15,1987
Wayne,2020-07-12,14,2001
Wayne,2020-07-13,16,2017
Wayne,2020-07-14,25,2042
Wayne,2020-07-15,9,2051
Wayne,2020-07-16,18,2069
Wayne,2020-07-17,12,2081
Wayne,2020-07-18,13,2094
Wayne,2020-07-19,7,2101
Wayne,2020-07-20,18,2119
Wayne,2020-07-21,14,2133
Wayne,2020-07-22,29,2162
Wayne,2020-07-23,21,2183
Wayne,2020-07-24,16,2199
Wayne,2020-07-25,15,2214
Wayne,2020-07-26,11,2225
Wayne,2020-07-27,21,2246
Wayne,2020-07-28,15,2261
Wayne,2020-07-29,9,2270
Wayne,2020-07-30,26,2296
Wayne,2020-07-31,16,2312
Wayne,2020-08-01,9,2321
Wayne,2020-08-02,15,2336
Wayne,2020-08-03,13,2349
Wayne,2020-08-04,4,2353
Wayne,2020-08-05,19,2372
Wayne,2020-08-06,12,2384
Wayne,2020-08-07,23,2407
Wayne,2020-08-08,17,2424
Wayne,2020-08-09,12,2436
Wayne,2020-08-10,17,2453
Wayne,2020-08-11,16,2469
Wayne,2020-08-12,17,2486
Wayne,2020-08-13,32,2518
Wayne,2020-08-14,19,2537
Wayne,2020-08-15,8,2545
Wayne,2020-08-16,14,2559
Wayne,2020-08-17,28,2587
Wayne,2020-08-18,34,2621
Wayne,2020-08-19,15,2636
Wayne,2020-08-20,20,2656
Wayne,2020-08-21,14,2670
Wayne,2020-08-22,13,2683
Wayne,2020-08-23,16,2699
Wayne,2020-08-24,24,2723
Wayne,2020-08-25,14,2737
Wayne,2020-08-26,20,2757
Wayne,2020-08-27,17,2774
Wayne,2020-08-28,14,2788
Wayne,2020-08-29,6,2794
Wayne,2020-08-30,11,2805
Wayne,2020-08-31,12,2817
Wayne,2020-09-01,8,2825
Wayne,2020-09-02,26,2851
Wayne,2020-09-03,24,2875
Wayne,2020-09-04,14,2889
Wayne,2020-09-05,11,2900
Wayne,2020-09-06,9,2909
Wayne,2020-09-07,10,2919
Wayne,2020-09-08,13,2932
Wayne,2020-09-09,8,2940
Wayne,2020-09-10,20,2960
Wayne,2020-09-11,24,2984
Wayne,2020-09-12,10,2994
Wayne,2020-09-13,4,2998
Wayne,2020-09-14,18,3016
Wayne,2020-09-15,14,3030
Wayne,2020-09-16,26,3056
Wayne,2020-09-17,29,3085
Wayne,2020-09-18,39,3124
Wayne,2020-09-19,14,3138
Wayne,2020-09-20,4,3142
Wayne,2020-09-21,22,3164
Wayne,2020-09-22,27,3191
Wayne,2020-09-23,48,3239
Wayne,2020-09-24,37,3276
Wayne,2020-09-25,22,3298
Wayne,2020-09-26,14,3312
Wayne,2020-09-27,1,3313
Wayne,2020-09-28,13,3326
Wayne,2020-09-29,35,3361
Wayne,2020-09-30,44,3405
Wayne,2020-10-01,23,3428
Wayne,2020-10-02,25,3453
Wayne,2020-10-03,29,3482
Wayne,2020-10-04,14,3496
Wayne,2020-10-05,18,3514
Wayne,2020-10-06,25,3539
Wayne,2020-10-07,23,3562
Wayne,2020-10-08,22,3584
Wayne,2020-10-09,24,3608
Wayne,2020-10-10,16,3624
Wayne,2020-10-11,27,3651
Wayne,2020-10-12,20,3671
Wayne,2020-10-13,33,3704
Wayne,2020-10-14,42,3746
Wayne,2020-10-15,25,3771
Wayne,2020-10-16,23,3794
Wayne,2020-10-17,41,3835
Wayne,2020-10-18,19,3854
Wayne,2020-10-19,15,3869
Wayne,2020-10-20,20,3889
Wayne,2020-10-21,32,3921
Wayne,2020-10-22,33,3954
Wayne,2020-10-23,28,3982
Wayne,2020-10-24,23,4005
Wayne,2020-10-25,36,4041
Wayne,2020-10-26,19,4060
Wayne,2020-10-27,28,4088
Wayne,2020-10-28,33,4121
Wayne,2020-10-29,21,4142
Wayne,2020-10-30,53,4195
Wayne,2020-10-31,27,4222
Wayne,2020-11-01,27,4249
Wayne,2020-11-02,21,4270
Wayne,2020-11-03,24,4294
Wayne,2020-11-04,14,4308
Wayne,2020-11-05,40,4348
Wayne,2020-11-06,27,4375
Wayne,2020-11-07,22,4397
Wayne,2020-11-08,15,4412
Wayne,2020-11-09,13,4425
Wayne,2020-11-10,14,4439
Wayne,2020-11-11,23,4462
Wayne,2020-11-12,24,4486
Wayne,2020-11-13,35,4521
Wayne,2020-11-14,40,4561
Wayne,2020-11-15,18,4579
Wayne,2020-11-16,29,4608
Wayne,2020-11-17,29,4637
Wayne,2020-11-18,57,4694
Wayne,2020-11-19,52,4746
Wayne,2020-11-20,41,4787
Wayne,2020-11-21,43,4830
Wayne,2020-11-22,30,4860
Wayne,2020-11-23,37,4897
Wayne,2020-11-24,30,4927
Wayne,2020-11-25,45,4972
Wayne,2020-11-26,37,5009
Wayne,2020-11-27,46,5055
Wayne,2020-11-28,38,5093
Wayne,2020-11-29,25,5118
Wayne,2020-11-30,37,5155
Wayne,2020-12-01,62,5217
Wayne,2020-12-02,41,5258
Wayne,2020-12-03,42,5300
Wayne,2020-12-04,60,5360
Wayne,2020-12-05,50,5410
Wayne,2020-12-06,60,5470
Wayne,2020-12-07,38,5508
Wayne,2020-12-08,67,5575
Wayne,2020-12-09,36,5611
Wayne,2020-12-10,68,5679
Wayne,2020-12-11,73,5752
Wayne,2020-12-12,44,5796
Wayne,2020-12-13,17,5813
Wayne,2020-12-14,19,5832
Wayne,2020-12-15,35,5867
Wilkes,2020-03-20,1,1
Wilkes,2020-03-30,1,2
Wilkes,2020-04-01,2,4
Wilkes,2020-04-20,1,5
Wilkes,2020-04-22,3,8
Wilkes,2020-04-23,5,13
Wilkes,2020-04-24,6,19
Wilkes,2020-04-25,3,22
Wilkes,2020-04-27,1,23
Wilkes,2020-04-28,7,30
Wilkes,2020-04-29,21,51
Wilkes,2020-04-30,8,59
Wilkes,2020-05-01,29,88
Wilkes,2020-05-02,27,115
Wilkes,2020-05-03,12,127
Wilkes,2020-05-04,8,135
Wilkes,2020-05-05,29,164
Wilkes,2020-05-06,20,184
Wilkes,2020-05-07,13,197
Wilkes,2020-05-08,7,204
Wilkes,2020-05-09,36,240
Wilkes,2020-05-10,3,243
Wilkes,2020-05-11,1,244
Wilkes,2020-05-12,22,266
Wilkes,2020-05-13,15,281
Wilkes,2020-05-14,139,420
Wilkes,2020-05-15,7,427
Wilkes,2020-05-16,2,429
Wilkes,2020-05-17,5,434
Wilkes,2020-05-18,18,452
Wilkes,2020-05-19,2,454
Wilkes,2020-05-20,6,460
Wilkes,2020-05-21,4,464
Wilkes,2020-05-22,10,474
Wilkes,2020-05-23,2,476
Wilkes,2020-05-24,3,479
Wilkes,2020-05-26,6,485
Wilkes,2020-05-27,2,487
Wilkes,2020-05-28,4,491
Wilkes,2020-05-29,3,494
Wilkes,2020-05-30,3,497
Wilkes,2020-05-31,2,499
Wilkes,2020-06-01,1,500
Wilkes,2020-06-02,4,504
Wilkes,2020-06-03,2,506
Wilkes,2020-06-04,3,509
Wilkes,2020-06-05,2,511
Wilkes,2020-06-06,2,513
Wilkes,2020-06-07,2,515
Wilkes,2020-06-08,2,517
Wilkes,2020-06-10,2,519
Wilkes,2020-06-11,15,534
Wilkes,2020-06-12,10,544
Wilkes,2020-06-14,2,546
Wilkes,2020-06-15,4,550
Wilkes,2020-06-16,2,552
Wilkes,2020-06-17,1,553
Wilkes,2020-06-18,3,556
Wilkes,2020-06-20,2,558
Wilkes,2020-06-22,1,559
Wilkes,2020-06-23,3,562
Wilkes,2020-06-24,1,563
Wilkes,2020-06-25,3,566
Wilkes,2020-06-26,5,571
Wilkes,2020-06-27,2,573
Wilkes,2020-06-28,6,579
Wilkes,2020-06-30,3,582
Wilkes,2020-07-01,4,586
Wilkes,2020-07-02,4,590
Wilkes,2020-07-04,2,592
Wilkes,2020-07-05,3,595
Wilkes,2020-07-06,2,597
Wilkes,2020-07-07,6,603
Wilkes,2020-07-08,1,604
Wilkes,2020-07-09,6,610
Wilkes,2020-07-10,8,618
Wilkes,2020-07-11,4,622
Wilkes,2020-07-12,8,630
Wilkes,2020-07-13,4,634
Wilkes,2020-07-14,5,639
Wilkes,2020-07-15,4,643
Wilkes,2020-07-16,8,651
Wilkes,2020-07-17,3,654
Wilkes,2020-07-18,4,658
Wilkes,2020-07-19,6,664
Wilkes,2020-07-20,3,667
Wilkes,2020-07-21,4,671
Wilkes,2020-07-22,16,687
Wilkes,2020-07-23,6,693
Wilkes,2020-07-24,1,694
Wilkes,2020-07-25,3,697
Wilkes,2020-07-26,6,703
Wilkes,2020-07-27,6,709
Wilkes,2020-07-28,6,715
Wilkes,2020-07-29,13,728
Wilkes,2020-07-30,3,731
Wilkes,2020-07-31,15,746
Wilkes,2020-08-01,13,759
Wilkes,2020-08-02,4,763
Wilkes,2020-08-03,11,774
Wilkes,2020-08-04,4,778
Wilkes,2020-08-05,10,788
Wilkes,2020-08-06,38,826
Wilkes,2020-08-07,18,844
Wilkes,2020-08-08,10,854
Wilkes,2020-08-09,9,863
Wilkes,2020-08-10,5,868
Wilkes,2020-08-11,6,874
Wilkes,2020-08-12,18,892
Wilkes,2020-08-13,10,902
Wilkes,2020-08-14,8,910
Wilkes,2020-08-15,6,916
Wilkes,2020-08-16,5,921
Wilkes,2020-08-17,10,931
Wilkes,2020-08-18,8,939
Wilkes,2020-08-19,13,952
Wilkes,2020-08-20,6,958
Wilkes,2020-08-21,11,969
Wilkes,2020-08-22,5,974
Wilkes,2020-08-23,9,983
Wilkes,2020-08-24,10,993
Wilkes,2020-08-25,7,1000
Wilkes,2020-08-26,6,1006
Wilkes,2020-08-27,10,1016
Wilkes,2020-08-28,8,1024
Wilkes,2020-08-29,11,1035
Wilkes,2020-08-30,3,1038
Wilkes,2020-08-31,12,1050
Wilkes,2020-09-01,7,1057
Wilkes,2020-09-02,7,1064
Wilkes,2020-09-03,5,1069
Wilkes,2020-09-04,7,1076
Wilkes,2020-09-05,5,1081
Wilkes,2020-09-06,3,1084
Wilkes,2020-09-07,1,1085
Wilkes,2020-09-08,3,1088
Wilkes,2020-09-09,3,1091
Wilkes,2020-09-10,9,1100
Wilkes,2020-09-11,7,1107
Wilkes,2020-09-12,5,1112
Wilkes,2020-09-13,8,1120
Wilkes,2020-09-14,5,1125
Wilkes,2020-09-15,6,1131
Wilkes,2020-09-16,8,1139
Wilkes,2020-09-17,9,1148
Wilkes,2020-09-18,6,1154
Wilkes,2020-09-19,4,1158
Wilkes,2020-09-20,4,1162
Wilkes,2020-09-21,8,1170
Wilkes,2020-09-22,4,1174
Wilkes,2020-09-23,17,1191
Wilkes,2020-09-24,16,1207
Wilkes,2020-09-25,15,1222
Wilkes,2020-09-26,10,1232
Wilkes,2020-09-27,7,1239
Wilkes,2020-09-28,5,1244
Wilkes,2020-09-29,12,1256
Wilkes,2020-09-30,17,1273
Wilkes,2020-10-01,18,1291
Wilkes,2020-10-02,17,1308
Wilkes,2020-10-03,5,1313
Wilkes,2020-10-04,4,1317
Wilkes,2020-10-05,8,1325
Wilkes,2020-10-06,9,1334
Wilkes,2020-10-07,20,1354
Wilkes,2020-10-08,13,1367
Wilkes,2020-10-09,27,1394
Wilkes,2020-10-10,25,1419
Wilkes,2020-10-11,18,1437
Wilkes,2020-10-12,10,1447
Wilkes,2020-10-13,24,1471
Wilkes,2020-10-14,23,1494
Wilkes,2020-10-15,24,1518
Wilkes,2020-10-16,11,1529
Wilkes,2020-10-17,10,1539
Wilkes,2020-10-18,12,1551
Wilkes,2020-10-19,7,1558
Wilkes,2020-10-20,20,1578
Wilkes,2020-10-21,22,1600
Wilkes,2020-10-22,16,1616
Wilkes,2020-10-23,21,1637
Wilkes,2020-10-24,8,1645
Wilkes,2020-10-25,19,1664
Wilkes,2020-10-26,6,1670
Wilkes,2020-10-27,29,1699
Wilkes,2020-10-28,14,1713
Wilkes,2020-10-29,24,1737
Wilkes,2020-10-30,21,1758
Wilkes,2020-10-31,24,1782
Wilkes,2020-11-01,9,1791
Wilkes,2020-11-02,12,1803
Wilkes,2020-11-03,30,1833
Wilkes,2020-11-04,26,1859
Wilkes,2020-11-05,35,1894
Wilkes,2020-11-06,21,1915
Wilkes,2020-11-07,16,1931
Wilkes,2020-11-08,5,1936
Wilkes,2020-11-09,21,1957
Wilkes,2020-11-10,26,1983
Wilkes,2020-11-11,30,2013
Wilkes,2020-11-12,41,2054
Wilkes,2020-11-13,12,2066
Wilkes,2020-11-14,32,2098
Wilkes,2020-11-15,12,2110
Wilkes,2020-11-16,32,2142
Wilkes,2020-11-17,34,2176
Wilkes,2020-11-18,52,2228
Wilkes,2020-11-19,23,2251
Wilkes,2020-11-20,15,2266
Wilkes,2020-11-21,20,2286
Wilkes,2020-11-22,10,2296
Wilkes,2020-11-23,17,2313
Wilkes,2020-11-24,14,2327
Wilkes,2020-11-25,45,2372
Wilkes,2020-11-26,10,2382
Wilkes,2020-11-27,12,2394
Wilkes,2020-11-28,18,2412
Wilkes,2020-11-29,8,2420
Wilkes,2020-11-30,12,2432
Wilkes,2020-12-01,17,2449
Wilkes,2020-12-02,30,2479
Wilkes,2020-12-03,18,2497
Wilkes,2020-12-04,26,2523
Wilkes,2020-12-05,30,2553
Wilkes,2020-12-06,13,2566
Wilkes,2020-12-07,19,2585
Wilkes,2020-12-08,14,2599
Wilkes,2020-12-09,26,2625
Wilkes,2020-12-10,25,2650
Wilkes,2020-12-11,17,2667
Wilkes,2020-12-12,15,2682
Wilkes,2020-12-13,20,2702
Wilkes,2020-12-14,6,2708
Wilkes,2020-12-15,8,2716
Wilson,2020-03-15,1,1
Wilson,2020-03-18,1,2
Wilson,2020-03-20,1,3
Wilson,2020-03-22,1,4
Wilson,2020-03-24,2,6
Wilson,2020-03-25,1,7
Wilson,2020-03-26,1,8
Wilson,2020-03-27,1,9
Wilson,2020-03-28,1,10
Wilson,2020-03-30,6,16
Wilson,2020-04-01,2,18
Wilson,2020-04-02,2,20
Wilson,2020-04-03,3,23
Wilson,2020-04-04,6,29
Wilson,2020-04-05,2,31
Wilson,2020-04-06,3,34
Wilson,2020-04-07,4,38
Wilson,2020-04-08,4,42
Wilson,2020-04-09,5,47
Wilson,2020-04-10,9,56
Wilson,2020-04-11,7,63
Wilson,2020-04-12,13,76
Wilson,2020-04-13,2,78
Wilson,2020-04-14,3,81
Wilson,2020-04-15,7,88
Wilson,2020-04-16,10,98
Wilson,2020-04-17,6,104
Wilson,2020-04-18,8,112
Wilson,2020-04-19,3,115
Wilson,2020-04-20,2,117
Wilson,2020-04-21,11,128
Wilson,2020-04-22,5,133
Wilson,2020-04-23,6,139
Wilson,2020-04-24,9,148
Wilson,2020-04-25,3,151
Wilson,2020-04-27,3,154
Wilson,2020-04-29,5,159
Wilson,2020-04-30,5,164
Wilson,2020-05-01,9,173
Wilson,2020-05-02,7,180
Wilson,2020-05-03,6,186
Wilson,2020-05-05,2,188
Wilson,2020-05-06,6,194
Wilson,2020-05-07,10,204
Wilson,2020-05-08,3,207
Wilson,2020-05-09,8,215
Wilson,2020-05-10,2,217
Wilson,2020-05-11,1,218
Wilson,2020-05-13,1,219
Wilson,2020-05-14,4,223
Wilson,2020-05-15,7,230
Wilson,2020-05-16,9,239
Wilson,2020-05-17,7,246
Wilson,2020-05-18,6,252
Wilson,2020-05-19,4,256
Wilson,2020-05-20,10,266
Wilson,2020-05-21,10,276
Wilson,2020-05-22,34,310
Wilson,2020-05-23,4,314
Wilson,2020-05-24,5,319
Wilson,2020-05-25,1,320
Wilson,2020-05-26,7,327
Wilson,2020-05-27,5,332
Wilson,2020-05-28,8,340
Wilson,2020-05-29,8,348
Wilson,2020-05-30,9,357
Wilson,2020-05-31,3,360
Wilson,2020-06-01,4,364
Wilson,2020-06-02,8,372
Wilson,2020-06-03,31,403
Wilson,2020-06-04,14,417
Wilson,2020-06-05,9,426
Wilson,2020-06-06,15,441
Wilson,2020-06-07,3,444
Wilson,2020-06-08,10,454
Wilson,2020-06-09,8,462
Wilson,2020-06-10,15,477
Wilson,2020-06-11,12,489
Wilson,2020-06-12,12,501
Wilson,2020-06-13,8,509
Wilson,2020-06-14,15,524
Wilson,2020-06-15,15,539
Wilson,2020-06-16,7,546
Wilson,2020-06-17,11,557
Wilson,2020-06-18,11,568
Wilson,2020-06-19,33,601
Wilson,2020-06-20,5,606
Wilson,2020-06-21,9,615
Wilson,2020-06-22,14,629
Wilson,2020-06-23,15,644
Wilson,2020-06-24,12,656
Wilson,2020-06-25,14,670
Wilson,2020-06-26,8,678
Wilson,2020-06-27,11,689
Wilson,2020-06-28,20,709
Wilson,2020-06-29,12,721
Wilson,2020-06-30,15,736
Wilson,2020-07-01,15,751
Wilson,2020-07-02,11,762
Wilson,2020-07-03,6,768
Wilson,2020-07-04,14,782
Wilson,2020-07-05,23,805
Wilson,2020-07-06,17,822
Wilson,2020-07-07,23,845
Wilson,2020-07-08,22,867
Wilson,2020-07-09,18,885
Wilson,2020-07-10,21,906
Wilson,2020-07-11,27,933
Wilson,2020-07-12,30,963
Wilson,2020-07-13,44,1007
Wilson,2020-07-14,28,1035
Wilson,2020-07-15,9,1044
Wilson,2020-07-16,39,1083
Wilson,2020-07-17,19,1102
Wilson,2020-07-18,29,1131
Wilson,2020-07-19,10,1141
Wilson,2020-07-20,39,1180
Wilson,2020-07-21,29,1209
Wilson,2020-07-22,25,1234
Wilson,2020-07-23,25,1259
Wilson,2020-07-24,13,1272
Wilson,2020-07-25,15,1287
Wilson,2020-07-26,14,1301
Wilson,2020-07-27,21,1322
Wilson,2020-07-28,19,1341
Wilson,2020-07-29,11,1352
Wilson,2020-07-30,17,1369
Wilson,2020-07-31,18,1387
Wilson,2020-08-01,14,1401
Wilson,2020-08-02,15,1416
Wilson,2020-08-03,9,1425
Wilson,2020-08-04,10,1435
Wilson,2020-08-05,20,1455
Wilson,2020-08-06,11,1466
Wilson,2020-08-07,19,1485
Wilson,2020-08-08,6,1491
Wilson,2020-08-09,4,1495
Wilson,2020-08-10,10,1505
Wilson,2020-08-11,9,1514
Wilson,2020-08-12,13,1527
Wilson,2020-08-13,15,1542
Wilson,2020-08-14,15,1557
Wilson,2020-08-15,7,1564
Wilson,2020-08-16,9,1573
Wilson,2020-08-17,7,1580
Wilson,2020-08-18,5,1585
Wilson,2020-08-19,21,1606
Wilson,2020-08-20,21,1627
Wilson,2020-08-21,24,1651
Wilson,2020-08-22,12,1663
Wilson,2020-08-23,13,1676
Wilson,2020-08-24,6,1682
Wilson,2020-08-25,6,1688
Wilson,2020-08-26,15,1703
Wilson,2020-08-27,10,1713
Wilson,2020-08-28,12,1725
Wilson,2020-08-29,11,1736
Wilson,2020-08-30,9,1745
Wilson,2020-08-31,11,1756
Wilson,2020-09-01,16,1772
Wilson,2020-09-02,26,1798
Wilson,2020-09-03,19,1817
Wilson,2020-09-04,20,1837
Wilson,2020-09-05,22,1859
Wilson,2020-09-06,10,1869
Wilson,2020-09-07,11,1880
Wilson,2020-09-08,8,1888
Wilson,2020-09-09,18,1906
Wilson,2020-09-10,27,1933
Wilson,2020-09-11,15,1948
Wilson,2020-09-12,25,1973
Wilson,2020-09-13,10,1983
Wilson,2020-09-14,14,1997
Wilson,2020-09-15,9,2006
Wilson,2020-09-16,15,2021
Wilson,2020-09-17,22,2043
Wilson,2020-09-18,29,2072
Wilson,2020-09-19,17,2089
Wilson,2020-09-20,22,2111
Wilson,2020-09-21,19,2130
Wilson,2020-09-22,14,2144
Wilson,2020-09-23,17,2161
Wilson,2020-09-24,17,2178
Wilson,2020-09-25,21,2199
Wilson,2020-09-26,23,2222
Wilson,2020-09-27,12,2234
Wilson,2020-09-28,11,2245
Wilson,2020-09-29,10,2255
Wilson,2020-09-30,19,2274
Wilson,2020-10-01,20,2294
Wilson,2020-10-02,26,2320
Wilson,2020-10-03,17,2337
Wilson,2020-10-04,11,2348
Wilson,2020-10-05,13,2361
Wilson,2020-10-06,22,2383
Wilson,2020-10-07,25,2408
Wilson,2020-10-08,18,2426
Wilson,2020-10-09,28,2454
Wilson,2020-10-10,17,2471
Wilson,2020-10-11,26,2497
Wilson,2020-10-12,19,2516
Wilson,2020-10-13,10,2526
Wilson,2020-10-14,37,2563
Wilson,2020-10-15,47,2610
Wilson,2020-10-16,29,2639
Wilson,2020-10-17,22,2661
Wilson,2020-10-18,27,2688
Wilson,2020-10-19,17,2705
Wilson,2020-10-20,26,2731
Wilson,2020-10-21,40,2771
Wilson,2020-10-22,48,2819
Wilson,2020-10-23,37,2856
Wilson,2020-10-24,15,2871
Wilson,2020-10-25,37,2908
Wilson,2020-10-26,26,2934
Wilson,2020-10-27,29,2963
Wilson,2020-10-28,54,3017
Wilson,2020-10-29,45,3062
Wilson,2020-10-30,34,3096
Wilson,2020-10-31,24,3120
Wilson,2020-11-01,14,3134
Wilson,2020-11-02,25,3159
Wilson,2020-11-03,40,3199
Wilson,2020-11-04,28,3227
Wilson,2020-11-05,36,3263
Wilson,2020-11-06,21,3284
Wilson,2020-11-07,22,3306
Wilson,2020-11-08,14,3320
Wilson,2020-11-09,25,3345
Wilson,2020-11-10,24,3369
Wilson,2020-11-11,32,3401
Wilson,2020-11-12,28,3429
Wilson,2020-11-13,22,3451
Wilson,2020-11-14,27,3478
Wilson,2020-11-15,20,3498
Wilson,2020-11-16,31,3529
Wilson,2020-11-17,23,3552
Wilson,2020-11-18,62,3614
Wilson,2020-11-19,27,3641
Wilson,2020-11-20,25,3666
Wilson,2020-11-21,35,3701
Wilson,2020-11-22,17,3718
Wilson,2020-11-23,36,3754
Wilson,2020-11-24,36,3790
Wilson,2020-11-25,38,3828
Wilson,2020-11-26,37,3865
Wilson,2020-11-27,22,3887
Wilson,2020-11-28,31,3918
Wilson,2020-11-29,34,3952
Wilson,2020-11-30,17,3969
Wilson,2020-12-01,54,4023
Wilson,2020-12-02,63,4086
Wilson,2020-12-03,35,4121
Wilson,2020-12-04,40,4161
Wilson,2020-12-05,28,4189
Wilson,2020-12-06,29,4218
Wilson,2020-12-07,35,4253
Wilson,2020-12-08,66,4319
Wilson,2020-12-09,32,4351
Wilson,2020-12-10,42,4393
Wilson,2020-12-11,52,4445
Wilson,2020-12-12,52,4497
Wilson,2020-12-13,29,4526
Wilson,2020-12-14,21,4547
Wilson,2020-12-15,23,4570
Yadkin,2020-03-28,1,1
Yadkin,2020-03-30,1,2
Yadkin,2020-03-31,1,3
Yadkin,2020-04-01,1,4
Yadkin,2020-04-02,1,5
Yadkin,2020-04-03,1,6
Yadkin,2020-04-04,3,9
Yadkin,2020-04-09,1,10
Yadkin,2020-04-13,1,11
Yadkin,2020-04-23,1,12
Yadkin,2020-04-25,1,13
Yadkin,2020-04-27,3,16
Yadkin,2020-04-28,1,17
Yadkin,2020-04-30,2,19
Yadkin,2020-05-01,3,22
Yadkin,2020-05-02,1,23
Yadkin,2020-05-03,1,24
Yadkin,2020-05-04,1,25
Yadkin,2020-05-05,2,27
Yadkin,2020-05-06,8,35
Yadkin,2020-05-07,7,42
Yadkin,2020-05-08,8,50
Yadkin,2020-05-09,7,57
Yadkin,2020-05-11,4,61
Yadkin,2020-05-12,15,76
Yadkin,2020-05-13,3,79
Yadkin,2020-05-14,21,100
Yadkin,2020-05-15,4,104
Yadkin,2020-05-16,2,106
Yadkin,2020-05-17,5,111
Yadkin,2020-05-18,4,115
Yadkin,2020-05-19,7,122
Yadkin,2020-05-20,2,124
Yadkin,2020-05-21,3,127
Yadkin,2020-05-22,3,130
Yadkin,2020-05-23,2,132
Yadkin,2020-05-24,4,136
Yadkin,2020-05-25,8,144
Yadkin,2020-05-26,6,150
Yadkin,2020-05-27,4,154
Yadkin,2020-05-28,8,162
Yadkin,2020-05-29,7,169
Yadkin,2020-05-30,6,175
Yadkin,2020-05-31,6,181
Yadkin,2020-06-01,2,183
Yadkin,2020-06-02,14,197
Yadkin,2020-06-03,7,204
Yadkin,2020-06-04,4,208
Yadkin,2020-06-05,7,215
Yadkin,2020-06-06,2,217
Yadkin,2020-06-07,1,218
Yadkin,2020-06-08,4,222
Yadkin,2020-06-09,3,225
Yadkin,2020-06-11,3,228
Yadkin,2020-06-12,8,236
Yadkin,2020-06-13,5,241
Yadkin,2020-06-14,8,249
Yadkin,2020-06-15,2,251
Yadkin,2020-06-16,4,255
Yadkin,2020-06-17,7,262
Yadkin,2020-06-18,8,270
Yadkin,2020-06-19,2,272
Yadkin,2020-06-20,5,277
Yadkin,2020-06-21,4,281
Yadkin,2020-06-22,1,282
Yadkin,2020-06-23,6,288
Yadkin,2020-06-24,7,295
Yadkin,2020-06-25,7,302
Yadkin,2020-06-26,6,308
Yadkin,2020-06-27,16,324
Yadkin,2020-06-28,9,333
Yadkin,2020-06-29,1,334
Yadkin,2020-06-30,2,336
Yadkin,2020-07-02,4,340
Yadkin,2020-07-03,1,341
Yadkin,2020-07-04,3,344
Yadkin,2020-07-05,9,353
Yadkin,2020-07-06,4,357
Yadkin,2020-07-07,3,360
Yadkin,2020-07-08,5,365
Yadkin,2020-07-09,10,375
Yadkin,2020-07-10,2,377
Yadkin,2020-07-11,3,380
Yadkin,2020-07-12,6,386
Yadkin,2020-07-13,2,388
Yadkin,2020-07-14,5,393
Yadkin,2020-07-15,2,395
Yadkin,2020-07-16,5,400
Yadkin,2020-07-17,5,405
Yadkin,2020-07-18,1,406
Yadkin,2020-07-19,3,409
Yadkin,2020-07-20,17,426
Yadkin,2020-07-21,2,428
Yadkin,2020-07-22,9,437
Yadkin,2020-07-23,5,442
Yadkin,2020-07-24,2,444
Yadkin,2020-07-25,2,446
Yadkin,2020-07-26,4,450
Yadkin,2020-07-27,8,458
Yadkin,2020-07-28,9,467
Yadkin,2020-07-29,11,478
Yadkin,2020-07-30,7,485
Yadkin,2020-07-31,3,488
Yadkin,2020-08-01,4,492
Yadkin,2020-08-02,5,497
Yadkin,2020-08-03,8,505
Yadkin,2020-08-04,9,514
Yadkin,2020-08-05,10,524
Yadkin,2020-08-07,9,533
Yadkin,2020-08-08,9,542
Yadkin,2020-08-09,3,545
Yadkin,2020-08-10,4,549
Yadkin,2020-08-11,8,557
Yadkin,2020-08-12,2,559
Yadkin,2020-08-13,3,562
Yadkin,2020-08-14,2,564
Yadkin,2020-08-15,3,567
Yadkin,2020-08-16,3,570
Yadkin,2020-08-17,10,580
Yadkin,2020-08-18,5,585
Yadkin,2020-08-19,4,589
Yadkin,2020-08-20,5,594
Yadkin,2020-08-21,3,597
Yadkin,2020-08-22,5,602
Yadkin,2020-08-24,2,604
Yadkin,2020-08-25,2,606
Yadkin,2020-08-26,10,616
Yadkin,2020-08-27,4,620
Yadkin,2020-08-28,13,633
Yadkin,2020-08-29,3,636
Yadkin,2020-08-30,2,638
Yadkin,2020-08-31,7,645
Yadkin,2020-09-01,1,646
Yadkin,2020-09-02,8,654
Yadkin,2020-09-03,2,656
Yadkin,2020-09-04,4,660
Yadkin,2020-09-06,1,661
Yadkin,2020-09-07,1,662
Yadkin,2020-09-08,5,667
Yadkin,2020-09-09,7,674
Yadkin,2020-09-10,4,678
Yadkin,2020-09-11,5,683
Yadkin,2020-09-12,2,685
Yadkin,2020-09-13,3,688
Yadkin,2020-09-14,3,691
Yadkin,2020-09-15,5,696
Yadkin,2020-09-16,6,702
Yadkin,2020-09-17,1,703
Yadkin,2020-09-18,7,710
Yadkin,2020-09-19,1,711
Yadkin,2020-09-21,3,714
Yadkin,2020-09-22,5,719
Yadkin,2020-09-23,11,730
Yadkin,2020-09-24,3,733
Yadkin,2020-09-25,4,737
Yadkin,2020-09-26,2,739
Yadkin,2020-09-27,2,741
Yadkin,2020-09-28,1,742
Yadkin,2020-09-29,3,745
Yadkin,2020-09-30,3,748
Yadkin,2020-10-01,9,757
Yadkin,2020-10-02,12,769
Yadkin,2020-10-03,7,776
Yadkin,2020-10-05,2,778
Yadkin,2020-10-06,7,785
Yadkin,2020-10-07,11,796
Yadkin,2020-10-08,13,809
Yadkin,2020-10-09,9,818
Yadkin,2020-10-10,7,825
Yadkin,2020-10-11,3,828
Yadkin,2020-10-12,6,834
Yadkin,2020-10-13,18,852
Yadkin,2020-10-14,10,862
Yadkin,2020-10-15,15,877
Yadkin,2020-10-16,1,878
Yadkin,2020-10-17,6,884
Yadkin,2020-10-18,12,896
Yadkin,2020-10-19,11,907
Yadkin,2020-10-20,9,916
Yadkin,2020-10-21,7,923
Yadkin,2020-10-22,19,942
Yadkin,2020-10-23,15,957
Yadkin,2020-10-24,8,965
Yadkin,2020-10-25,9,974
Yadkin,2020-10-26,6,980
Yadkin,2020-10-27,15,995
Yadkin,2020-10-28,15,1010
Yadkin,2020-10-29,14,1024
Yadkin,2020-10-30,12,1036
Yadkin,2020-10-31,13,1049
Yadkin,2020-11-01,7,1056
Yadkin,2020-11-02,6,1062
Yadkin,2020-11-03,9,1071
Yadkin,2020-11-04,11,1082
Yadkin,2020-11-05,4,1086
Yadkin,2020-11-06,13,1099
Yadkin,2020-11-07,11,1110
Yadkin,2020-11-08,4,1114
Yadkin,2020-11-09,5,1119
Yadkin,2020-11-10,15,1134
Yadkin,2020-11-11,9,1143
Yadkin,2020-11-12,9,1152
Yadkin,2020-11-13,10,1162
Yadkin,2020-11-14,9,1171
Yadkin,2020-11-15,5,1176
Yadkin,2020-11-16,11,1187
Yadkin,2020-11-17,25,1212
Yadkin,2020-11-18,16,1228
Yadkin,2020-11-19,18,1246
Yadkin,2020-11-20,12,1258
Yadkin,2020-11-21,16,1274
Yadkin,2020-11-22,7,1281
Yadkin,2020-11-23,20,1301
Yadkin,2020-11-24,20,1321
Yadkin,2020-11-25,26,1347
Yadkin,2020-11-26,20,1367
Yadkin,2020-11-27,10,1377
Yadkin,2020-11-28,9,1386
Yadkin,2020-11-29,15,1401
Yadkin,2020-11-30,11,1412
Yadkin,2020-12-01,13,1425
Yadkin,2020-12-02,22,1447
Yadkin,2020-12-03,27,1474
Yadkin,2020-12-04,18,1492
Yadkin,2020-12-05,19,1511
Yadkin,2020-12-06,14,1525
Yadkin,2020-12-07,17,1542
Yadkin,2020-12-08,11,1553
Yadkin,2020-12-09,38,1591
Yadkin,2020-12-10,21,1612
Yadkin,2020-12-11,29,1641
Yadkin,2020-12-12,25,1666
Yadkin,2020-12-13,17,1683
Yadkin,2020-12-14,15,1698
Yadkin,2020-12-15,20,1718
Yancey,2020-05-03,1,1
Yancey,2020-05-06,6,7
Yancey,2020-05-09,1,8
Yancey,2020-05-18,2,10
Yancey,2020-05-21,1,11
Yancey,2020-05-27,1,12
Yancey,2020-05-28,2,14
Yancey,2020-05-31,1,15
Yancey,2020-06-03,3,18
Yancey,2020-06-04,1,19
Yancey,2020-06-05,2,21
Yancey,2020-06-09,2,23
Yancey,2020-06-12,2,25
Yancey,2020-06-13,2,27
Yancey,2020-06-14,1,28
Yancey,2020-06-15,2,30
Yancey,2020-06-16,1,31
Yancey,2020-06-17,3,34
Yancey,2020-06-19,1,35
Yancey,2020-06-23,2,37
Yancey,2020-06-24,3,40
Yancey,2020-06-25,1,41
Yancey,2020-07-02,1,42
Yancey,2020-07-03,1,43
Yancey,2020-07-04,3,46
Yancey,2020-07-05,2,48
Yancey,2020-07-06,0,48
Yancey,2020-07-08,2,50
Yancey,2020-07-09,1,51
Yancey,2020-07-10,2,53
Yancey,2020-07-11,4,57
Yancey,2020-07-12,1,58
Yancey,2020-07-13,2,60
Yancey,2020-07-14,1,61
Yancey,2020-07-15,2,63
Yancey,2020-07-16,0,63
Yancey,2020-07-17,1,64
Yancey,2020-07-18,1,65
Yancey,2020-07-19,1,66
Yancey,2020-07-21,0,66
Yancey,2020-07-23,0,66
Yancey,2020-07-28,1,67
Yancey,2020-07-29,0,67
Yancey,2020-07-30,2,69
Yancey,2020-08-03,1,70
Yancey,2020-08-04,0,70
Yancey,2020-08-05,1,71
Yancey,2020-08-06,0,71
Yancey,2020-08-07,1,72
Yancey,2020-08-08,1,73
Yancey,2020-08-10,1,74
Yancey,2020-08-11,1,75
Yancey,2020-08-12,0,75
Yancey,2020-08-13,0,75
Yancey,2020-08-14,2,77
Yancey,2020-08-16,3,80
Yancey,2020-08-17,0,80
Yancey,2020-08-18,1,81
Yancey,2020-08-19,1,82
Yancey,2020-08-20,2,84
Yancey,2020-08-23,0,84
Yancey,2020-08-24,0,84
Yancey,2020-08-25,1,85
Yancey,2020-08-26,1,86
Yancey,2020-08-27,1,87
Yancey,2020-08-28,1,88
Yancey,2020-08-29,1,89
Yancey,2020-08-30,1,90
Yancey,2020-08-31,1,91
Yancey,2020-09-01,2,93
Yancey,2020-09-02,5,98
Yancey,2020-09-03,2,100
Yancey,2020-09-04,1,101
Yancey,2020-09-06,2,103
Yancey,2020-09-08,1,104
Yancey,2020-09-09,1,105
Yancey,2020-09-10,3,108
Yancey,2020-09-11,1,109
Yancey,2020-09-12,1,110
Yancey,2020-09-13,1,111
Yancey,2020-09-14,0,111
Yancey,2020-09-15,1,112
Yancey,2020-09-17,3,115
Yancey,2020-09-21,0,115
Yancey,2020-09-22,0,115
Yancey,2020-09-23,1,116
Yancey,2020-09-24,3,119
Yancey,2020-09-25,0,119
Yancey,2020-09-26,0,119
Yancey,2020-09-28,1,120
Yancey,2020-09-29,0,120
Yancey,2020-09-30,1,121
Yancey,2020-10-01,1,122
Yancey,2020-10-04,2,124
Yancey,2020-10-06,2,126
Yancey,2020-10-08,1,127
Yancey,2020-10-10,4,131
Yancey,2020-10-11,4,135
Yancey,2020-10-12,2,137
Yancey,2020-10-13,0,137
Yancey,2020-10-14,2,139
Yancey,2020-10-15,9,148
Yancey,2020-10-16,0,148
Yancey,2020-10-17,3,151
Yancey,2020-10-18,2,153
Yancey,2020-10-19,0,153
Yancey,2020-10-20,0,153
Yancey,2020-10-21,4,157
Yancey,2020-10-22,4,161
Yancey,2020-10-23,0,161
Yancey,2020-10-24,4,165
Yancey,2020-10-25,4,169
Yancey,2020-10-26,3,172
Yancey,2020-10-27,1,173
Yancey,2020-10-28,7,180
Yancey,2020-10-29,2,182
Yancey,2020-10-30,1,183
Yancey,2020-10-31,2,185
Yancey,2020-11-01,4,189
Yancey,2020-11-02,3,192
Yancey,2020-11-03,2,194
Yancey,2020-11-04,7,201
Yancey,2020-11-05,3,204
Yancey,2020-11-06,2,206
Yancey,2020-11-07,4,210
Yancey,2020-11-08,4,214
Yancey,2020-11-09,6,220
Yancey,2020-11-10,1,221
Yancey,2020-11-11,6,227
Yancey,2020-11-12,1,228
Yancey,2020-11-13,5,233
Yancey,2020-11-14,5,238
Yancey,2020-11-15,4,242
Yancey,2020-11-16,14,256
Yancey,2020-11-17,8,264
Yancey,2020-11-18,10,274
Yancey,2020-11-19,4,278
Yancey,2020-11-20,5,283
Yancey,2020-11-21,3,286
Yancey,2020-11-22,5,291
Yancey,2020-11-23,7,298
Yancey,2020-11-24,3,301
Yancey,2020-11-25,7,308
Yancey,2020-11-26,5,313
Yancey,2020-11-27,4,317
Yancey,2020-11-28,9,326
Yancey,2020-11-29,8,334
Yancey,2020-11-30,10,344
Yancey,2020-12-01,0,344
Yancey,2020-12-02,11,355
Yancey,2020-12-03,6,361
Yancey,2020-12-04,5,366
Yancey,2020-12-05,6,372
Yancey,2020-12-06,8,380
Yancey,2020-12-07,5,385
Yancey,2020-12-08,5,390
Yancey,2020-12-09,6,396
Yancey,2020-12-10,10,406
Yancey,2020-12-11,4,410
Yancey,2020-12-12,2,412
Yancey,2020-12-13,8,420
Yancey,2020-12-14,1,421
Yancey,2020-12-15,4,425